-475,1518,-516
1367,-13122,-1857
-66

-327,1458,-36
2388,-14552,-625
-65

-613,1877,-365
1404,-14946,-2097
-65

-389,2924,-714
1811,-16388,-2765
-65

-557,3866,-253
4498,-17556,-325
-66

-283,3199,-270
3429,-20470,-2163
-65

-402,4141,-256
3742,-22169,-1507
-64

-368,4181,-722
3743,-19921,-612
-65

-512,4449,-514
3847,-23255,-1681
-65

-954,6556,583
7758,-23420,-803
-65

-1268,7527,240
4111,-23730,-1733
-65

-1580,8201,-394
3236,-24668,-580
-64

-1115,8023,-519
4731,-24471,-1130
-65

-1506,9511,-183
3857,-24480,-900
-64

-1623,10749,-336
4822,-23579,-860
-64

-1782,10152,-421
5958,-23182,213
-64

-1718,9616,-338
5413,-23826,-925
-64

-1809,10806,-133
8407,-22441,843
-64

-2138,11585,-168
5123,-23339,-2189
-63

-2008,11395,76
4770,-25795,-1489
-64

-2452,13643,-164
-1639,-22261,-5716
-64

-1223,11075,-1545
-362,-20749,3
-63

-1090,5226,0
-758,-12922,-3333
-63

340,-1975,-307
-41,-10494,-1174
-63

1123,-7662,210
2631,-14546,-404
-63

1585,-8031,-1
1341,-21589,749
-63

1574,-7570,314
6440,-26766,-182
-63

1160,-3194,377
6562,-24883,-478
-62

888,-3885,-436
3472,-23632,-316
-61

387,-2243,-175
3816,-24370,-947
-62

523,-2497,-409
3677,-25434,-1136
-61

662,-3068,-778
3928,-25627,-1321
-61

442,-2573,-1104
4134,-26055,-1232
-61

394,-2798,-1459
3840,-25390,-1333
-61

238,-2982,-1774
2882,-24642,-1462
-61

139,-3096,-2009
3032,-24117,-1260
-61

136,-3098,-2181
3295,-24279,-1070
-60

4,-3020,-2354
3717,-24238,-1153
-59

4,-3353,-2575
3581,-24440,-1297
-60

-115,-3246,-2718
3633,-24217,-1390
-60

-174,-3288,-2896
4006,-24445,-1227
-59

-277,-3333,-3046
3703,-24928,-1346
-58

-352,-3214,-3151
3636,-25250,-1574
-58

-397,-3190,-3110
3901,-23882,-1099
-58

-341,-3219,-3095
3747,-23602,-1174
-57

-323,-3359,-3065
3711,-23203,-1257
-58

-219,-3561,-3033
3239,-23300,-1233
-57

-104,-3927,-3020
3329,-23583,-1297
-56

69,-4207,-2901
3474,-23673,-1231
-56

181,-4693,-2782
4050,-23264,-1498
-56

241,-5024,-2534
3665,-22717,-1241
-56

348,-5183,-2398
3311,-23183,-1398
-55

497,-5211,-2247
3627,-23003,-1320
-56

625,-5320,-2146
3122,-22734,-907
-55

718,-5419,-2053
2969,-22599,-1346
-54

826,-5454,-1907
3185,-22937,-1203
-55

898,-5643,-1713
3396,-22727,-1521
-53

1131,-5628,-1487
3293,-22695,-1278
-53

1241,-5663,-1209
3248,-22470,-1383
-53

1442,-5665,-908
3194,-22326,-1334
-53

1631,-5846,-702
3165,-22474,-1537
-52

1719,-5965,-534
3042,-22417,-1464
-52

1837,-6030,-452
2964,-22599,-1033
-51

2062,-6391,-339
2865,-22833,-1319
-51

2085,-6519,-266
2989,-22517,-1435
-51

2263,-6720,-147
3307,-22214,-1275
-50

2438,-6904,-85
2982,-22215,-1509
-49

2410,-6896,-40
2680,-21811,-1207
-48

2588,-7374,-7
2572,-22058,-1198
-48

2543,-7221,201
2282,-20802,-1476
-48

2577,-7561,339
2180,-21103,-1251
-48

2678,-7785,449
2540,-21389,-1418
-48

2652,-7392,536
3023,-21216,-1528
-47

2787,-8086,558
2774,-20898,-1772
-46

2791,-8477,526
2318,-20775,-1908
-46

2830,-8590,449
2228,-21167,-1681
-45

2850,-8972,452
2624,-20765,-1638
-45

2795,-8995,571
2893,-20194,-1616
-44

2834,-10148,558
2591,-20339,-1462
-44

3083,-11566,368
2115,-19982,-1395
-44

3104,-12006,119
2987,-19993,-1976
-43

3067,-12254,72
3668,-20012,-2066
-43

3195,-12731,-164
2397,-20383,-1854
-42

2904,-12561,-123
2421,-19302,-1808
-41

2834,-13101,-206
3162,-19429,-2002
-41

2940,-13219,-272
2774,-19601,-2100
-41

2860,-13458,-359
2361,-19782,-1711
-40

2862,-13597,-367
2247,-19408,-1736
-40

2764,-13871,-408
2596,-19043,-2298
-39

2835,-14135,-377
2326,-19094,-2010
-39

2876,-14157,-320
2923,-19278,-2165
-38

2905,-14383,-309
2963,-19470,-1959
-37

2804,-14792,-325
2696,-18587,-1721
-37

2922,-15091,-318
1855,-18582,-1832
-36

2931,-14791,-282
2641,-18287,-2245
-36

3021,-14769,-163
2801,-18213,-2258
-35

3055,-14897,-221
2354,-18492,-2122
-35

3082,-15227,-227
3238,-18276,-2166
-34

3146,-15562,-82
2012,-18053,-2056
-34

3102,-15842,-160
2300,-18013,-2209
-34

3230,-15873,-143
1953,-18455,-2441
-32

3237,-15709,-164
3063,-18449,-2690
-32

3203,-15848,-180
1678,-17999,-2417
-31

3208,-15772,-114
2000,-17762,-2712
-30

3233,-15466,74
2200,-17348,-2622
-29

2958,-14986,262
2257,-17726,-2432
-29

2892,-15098,380
2263,-17238,-2189
-28

2827,-14958,553
2116,-17132,-1954
-28

2806,-15158,520
1874,-16515,-2184
-27

2982,-15280,594
1921,-16520,-2028
-27

3256,-16113,581
1736,-16451,-2905
-25

3426,-16426,517
1915,-16334,-3215
-26

3545,-16665,370
1594,-16235,-2133
-24

3544,-17261,261
2252,-16316,-2948
-24

3697,-17936,59
1264,-16137,-2680
-24

3871,-18355,49
930,-15899,-2608
-23

3883,-18836,162
1732,-15281,-2754
-22

3753,-18519,220
2553,-15400,-2798
-21

3789,-18707,208
2092,-15621,-2628
-21

3555,-18834,171
2167,-15033,-3549
-20

3513,-18915,170
2073,-14810,-3212
-19

3623,-19485,68
835,-14743,-3030
-19

3545,-19712,216
268,-14123,-3014
-19

3416,-19138,295
1207,-13833,-2800
-17

3400,-18858,490
1563,-13693,-2943
-17

3489,-18875,476
1589,-13789,-3268
-16

3410,-19032,448
190,-13860,-3004
-16

3427,-18753,540
1240,-13448,-2683
-15

3496,-18492,596
1658,-13364,-3570
-15

3557,-18066,698
959,-13132,-3243
-14

3698,-18692,695
1063,-12796,-3452
-13

3787,-18421,785
1335,-12605,-3409
-13

3631,-18428,658
1560,-12556,-3516
-13

4098,-19671,590
520,-12020,-3843
-11

4077,-19117,705
532,-12616,-4108
-11

4060,-19297,782
490,-11999,-3117
-9

3887,-19098,824
1201,-12409,-3140
-9

3844,-19502,778
2019,-11923,-3662
-9

3914,-19656,585
1219,-12202,-3668
-8

3890,-19656,427
729,-11599,-3630
-8

3858,-20273,176
614,-11610,-3309
-8

3891,-20657,96
596,-11202,-3146
-7

4000,-20889,-85
1103,-11131,-3157
-6

4215,-21074,-132
799,-10594,-3999
-6

4109,-20476,-197
825,-10599,-3022
-4

4138,-21394,-177
118,-10228,-3602
-4

4280,-21433,-124
103,-9979,-3912
-3

4147,-21214,-74
858,-9991,-4397
-2

4298,-21112,-68
486,-10652,-3972
-1

3960,-21365,-54
798,-9467,-4315
-1

3924,-21438,36
193,-9470,-3654
0

3611,-20680,283
540,-9392,-4798
0

3574,-20115,372
1143,-9227,-3809
0

3615,-20046,346
-100,-9155,-3831
1

3568,-19858,634
51,-8504,-3603
2

3722,-19660,732
127,-8993,-3324
1

3922,-20182,667
-605,-8366,-3697
3

4112,-20367,806
-177,-8299,-3326
3

4586,-20857,929
-952,-8538,-3438
3

4620,-20641,881
174,-8038,-2926
3

4874,-21735,837
-278,-8031,-3332
3

5324,-22036,867
-28,-7743,-3593
4

5518,-21851,666
689,-7441,-3456
5

5707,-22098,538
383,-7268,-3407
6

5722,-22327,379
378,-7578,-3682
6

5679,-22318,285
214,-7136,-3624
8

5618,-22306,124
375,-7269,-3767
8

5422,-21972,52
694,-6775,-4526
9

5303,-21907,-39
423,-6669,-3700
11

5099,-21728,-6
-335,-6750,-3863
11

4988,-21983,-64
-683,-6691,-3552
13

4648,-21348,187
866,-6715,-3398
12

4654,-21836,256
145,-6463,-3467
13

4782,-21953,156
-408,-6334,-3703
14

4789,-21580,223
-251,-6188,-4266
14

4984,-21438,331
-17,-6135,-4875
14

4815,-21098,286
-21,-6037,-3985
15

4973,-21818,155
-171,-5714,-4550
16

4845,-21242,342
-467,-5732,-4481
17

4712,-21401,405
562,-5421,-4125
18

4543,-21637,504
454,-5126,-4189
18

4473,-21419,520
922,-5137,-4321
18

4644,-22712,286
1175,-4927,-4428
18

4892,-23051,108
862,-5288,-5235
20

4912,-23374,-168
740,-4800,-4844
20

4802,-23950,-333
499,-4709,-4718
21

4708,-24043,-354
-292,-4297,-4570
21

4774,-23934,-278
-674,-4673,-4913
22

4696,-23877,-241
191,-4495,-5123
22

4663,-23592,-146
392,-4383,-4906
24

4914,-23781,-214
-1525,-4469,-5080
24

4932,-23429,28
349,-4512,-5111
25

4602,-22605,171
1112,-4263,-5382
26

4488,-21884,273
-408,-3665,-4818
26

4299,-21957,335
-1002,-3848,-4745
28

4395,-21451,535
-996,-4023,-4485
27

4397,-21553,544
-565,-3589,-4684
27

4419,-21605,491
-647,-3299,-4072
28

4613,-21028,803
-241,-3774,-4806
28

4714,-20906,765
745,-3291,-5202
28

4917,-20875,729
308,-3419,-4745
30

5098,-21461,589
-478,-3126,-4452
30

5086,-21602,623
-616,-2956,-4878
30

5334,-21732,701
-1082,-2751,-4407
31

5398,-22211,543
-881,-2618,-4822
32

5425,-22902,303
-548,-2188,-4628
32

5329,-22752,278
258,-2338,-5304
33

5107,-22772,211
660,-1887,-5335
34

4910,-23576,61
-764,-2079,-4719
35

4789,-23435,210
62,-2044,-5030
35

4641,-23914,311
143,-1719,-4603
35

4553,-23704,335
-171,-1436,-5174
35

4329,-22961,333
102,-1745,-4862
37

4332,-23544,319
-1109,-2085,-5377
37

4188,-22686,550
-450,-1776,-4668
37

4074,-22708,603
-414,-1533,-4907
38

4066,-22552,631
-1736,-1327,-4479
38

4048,-22067,755
-176,-1361,-4844
39

4188,-22029,862
-395,-1322,-4487
40

4148,-22221,912
-462,-693,-4917
40

4300,-22368,970
196,-977,-4424
39

4338,-22174,1188
-464,-634,-4625
40

4465,-22506,900
49,-1011,-4523
41

4529,-23015,937
354,-293,-4744
41

4488,-23406,829
-344,-186,-4089
41

4760,-23683,663
183,-688,-4906
42

4740,-23892,552
328,142,-4224
42

4595,-24616,417
-363,79,-4722
43

4563,-24614,400
161,144,-4900
44

4346,-24539,273
20,371,-5351
45

4126,-24698,253
340,741,-4379
47

3793,-24668,331
66,877,-4422
45

3704,-24920,336
-855,940,-4704
46

3535,-24728,344
257,1269,-4443
47

3627,-24943,297
-581,1242,-3430
46

3572,-25238,372
-180,1122,-3451
46

3919,-25499,371
-1308,1462,-4649
47

4253,-24838,389
-737,957,-4249
48

4312,-24535,474
-1072,1642,-3995
47

4430,-24273,582
-762,1499,-4028
49

4555,-23757,663
140,1541,-3901
49

4758,-24049,671
-487,1916,-3741
49

5112,-24265,571
-1418,1550,-4322
50

5268,-23831,404
-785,1737,-3556
51

5186,-24010,389
-608,2207,-4099
50

5263,-23647,264
-236,1781,-4345
51

5168,-23309,194
-966,2102,-4509
52

5111,-22834,252
-334,1906,-4510
53

4929,-22234,213
-857,2057,-4377
54

4684,-21474,304
-623,2230,-3940
55

4464,-21054,455
-1424,2284,-4381
57

4373,-20678,510
-1372,2150,-4012
56

4121,-20138,721
-1000,2146,-3824
56

3927,-20267,812
-1116,2400,-3749
57

4028,-20273,923
-561,2252,-4451
57

4087,-20025,995
-685,2122,-3967
58

4167,-20276,929
-1060,2528,-3940
57

4301,-20426,888
-1295,2258,-3860
58

4311,-20295,877
-966,2236,-3720
59

4239,-20486,782
-849,2553,-3866
59

4345,-20420,750
-685,2232,-4162
59

4391,-20679,711
-797,2544,-4492
59

4390,-21036,671
-1078,2693,-3862
61

4258,-20814,609
-814,2641,-3700
61

4263,-20822,589
-227,2563,-4141
62

4268,-21176,442
-714,2826,-4384
62

4148,-20944,301
-1129,2565,-3832
63

4191,-21192,334
-1211,2595,-3562
62

4108,-21002,482
-360,2717,-3773
63

4315,-20812,560
-1263,2534,-3791
63

4333,-20418,586
-626,2600,-3663
64

4409,-20167,605
-745,2527,-4369
63

4438,-19731,634
-803,2332,-3904
65

4365,-19480,598
-1041,2568,-3802
66

4235,-19502,586
-62,2583,-3768
66

4112,-19482,561
-553,2713,-3562
66

4248,-19399,528
-194,2523,-4155
66

4420,-19366,589
-28,2591,-3872
67

4415,-19850,455
-898,2661,-4459
68

4399,-20149,117
-531,2640,-4221
68

4237,-20296,42
-884,2583,-3775
69

4173,-20485,-78
-621,2884,-3950
69

4153,-20529,-61
-695,2488,-3786
70

3937,-19924,-15
-749,2645,-4086
70

3975,-19967,48
-882,2776,-4023
71

3985,-19860,20
-1364,2546,-4120
71

3816,-19695,24
-620,2669,-3997
72

3999,-20271,60
-578,2675,-3999
72

3924,-19891,119
-710,2613,-3965
72

4031,-19801,123
-163,2531,-3806
73

4047,-19829,215
-33,2515,-4423
73

4042,-19843,163
43,2631,-4196
74

4067,-20042,203
-51,2386,-3858
73

3952,-20076,249
-763,2545,-4012
74

4008,-20275,233
-1268,2465,-3690
75

3934,-20326,283
-792,2702,-3963
75

3840,-19952,340
-289,2308,-3779
76

3673,-19952,295
-673,2596,-3770
76

3689,-19965,342
-671,2455,-3821
76

3547,-19889,408
-49,2427,-3920
77

3624,-19504,444
-1095,2354,-3829
76

3473,-19189,447
-414,2333,-3612
77

3417,-19096,403
-538,2232,-3692
77

3358,-18809,453
-642,2339,-3524
77

3362,-18678,433
-791,2321,-3714
77

3451,-18837,488
-145,2248,-3574
78

3464,-19012,485
-389,2137,-3386
78

3578,-19323,489
-911,2226,-3433
77

3688,-19524,481
-318,2109,-3131
79

3665,-19356,452
-283,2278,-3149
79

3836,-19735,345
-242,2158,-3352
79

3899,-19789,307
-129,2293,-3259
79

4025,-20141,154
-445,2418,-3538
80

4093,-20261,5
-437,2051,-3136
80

4071,-20369,-140
-217,2217,-3297
81

4091,-20518,-356
-683,2231,-3539
82

3980,-20403,-464
-1111,2377,-3207
82

3869,-20020,-423
38,2058,-3244
82

3824,-20014,-419
-287,2049,-3697
82

3558,-19411,-337
-80,2122,-3310
83

3517,-18840,-212
-33,1999,-3449
83

3264,-18406,-37
-213,2162,-3352
83

3234,-18234,149
-404,2076,-3106
84

3206,-18050,169
-1051,1859,-3001
83

3119,-17393,291
-342,2053,-3103
84

3157,-17164,380
-527,1922,-2948
84

3086,-16821,446
-210,1953,-3185
84

3164,-16979,459
-369,2102,-2947
83

3261,-17097,400
-489,1878,-3012
86

3330,-16977,410
-569,1960,-3287
85

3395,-17159,390
-397,1827,-2885
86

3445,-17204,315
-947,1832,-3027
86

3445,-17296,296
-642,1913,-2667
86

3456,-17120,293
-997,1873,-2717
88

3380,-16801,274
-861,1861,-2904
88

3414,-16708,314
-792,1743,-2847
87

3356,-16463,331
-880,1932,-2755
88

3245,-15993,391
-463,1846,-2832
88

3288,-15989,453
-344,1708,-2886
89

3165,-15780,531
-398,1952,-3175
89

3236,-15755,535
-892,1701,-2996
89

3216,-15445,558
-749,1651,-3167
91

3056,-15253,541
-338,1688,-2915
90

2979,-15227,515
-449,1625,-3070
90

2948,-15372,517
-655,1710,-3019
92

2854,-15094,584
-687,1399,-2746
92

2697,-14816,626
-649,1619,-3029
91

2706,-14648,701
83,1510,-3269
92

2701,-14739,702
-507,1561,-3119
93

2590,-14564,732
-72,1430,-2699
92

2600,-14585,805
-505,1764,-2765
93

2659,-14462,744
-696,1520,-2845
93

2737,-14430,771
-254,1301,-2662
94

2717,-14373,778
-138,1650,-2957
94

2794,-14462,790
28,1363,-2674
94

2811,-14559,740
-421,1565,-2986
95

2783,-14442,635
-559,1556,-2485
96

2874,-14373,704
-788,1377,-2753
95

2861,-14206,776
-730,1508,-2888
96

2945,-14216,849
-336,1345,-2534
96

2927,-14334,877
-615,1586,-2953
96

3100,-14624,821
-596,1373,-2603
96

3089,-14805,733
-46,1488,-2761
96

3122,-14876,626
-670,1506,-2625
97

3011,-15032,547
-391,1458,-2401
97

3051,-15251,462
-172,1330,-2437
97

3084,-15422,387
-295,1570,-2916
98

3104,-15450,268
-60,1357,-2857
98

3096,-15580,143
-393,1481,-2681
99

3050,-15662,116
-669,1530,-2687
99

2991,-15340,123
-606,1184,-2600
99

2875,-15267,176
-235,1511,-2705
100

2863,-15304,195
-392,1478,-2516
99

2773,-15102,186
-713,1280,-2640
100

2685,-14926,222
-762,1463,-2477
101

2629,-14758,314
-576,1416,-2479
100

2545,-14541,434
-865,1382,-2394
101

2621,-14687,580
-154,1278,-2580
101

2678,-14539,572
-63,1267,-2818
101

2563,-14194,523
97,1311,-2206
101

2591,-14404,550
-604,1456,-2478
101

2636,-14139,552
-704,1129,-2362
102

2631,-13809,606
-460,1264,-2461
102

2625,-13645,699
-98,1234,-2348
103

2606,-13514,729
130,1203,-2306
103

2640,-13418,672
-113,1259,-2623
103

2694,-13313,641
-145,1063,-2367
103

2693,-13354,622
-42,1205,-2358
103

2763,-13484,584
-60,1132,-2257
104

2786,-13637,525
-174,1194,-2025
105

2788,-13954,456
-360,1329,-2064
105

2848,-13948,431
-482,1164,-2100
104

2834,-13984,426
-52,1091,-2140
105

2853,-14086,372
-32,1092,-2064
105

2864,-14207,292
-416,1181,-2076
106

2876,-14198,249
-458,1171,-1946
106

2897,-14130,214
-318,1152,-1959
106

2843,-13944,194
-204,1130,-2011
106

2871,-13828,189
-165,998,-1971
105

2835,-13645,202
-304,1123,-1949
107

2879,-13752,178
-294,1102,-2026
107

2940,-13647,192
-553,1104,-1970
107

2913,-13492,228
-116,981,-1875
107

2933,-13414,237
59,1057,-2099
108

2925,-13410,232
-56,996,-1952
109

2957,-13468,241
-305,1107,-1928
108

2953,-13155,252
-308,913,-1870
109

2965,-13052,271
-270,1075,-1921
108

2997,-12833,333
-15,937,-1939
109

3054,-12822,417
-211,1045,-1912
110

3080,-12577,402
-64,854,-1670
110

3092,-12524,450
6,974,-1974
109

3085,-12285,395
-183,973,-1884
109

3138,-12376,345
-173,905,-1839
111

3104,-12195,368
-11,917,-1926
111

3077,-12085,398
-275,1028,-1927
111

3158,-12133,357
-211,840,-1870
112

3055,-11921,382
95,944,-1745
112

3053,-11940,357
115,996,-1922
111

3059,-12188,258
-103,923,-2159
112

3085,-12097,217
-11,859,-1983
112

3061,-12212,124
-55,878,-2223
113

3015,-12202,73
-145,937,-2161
113

3002,-12337,51
103,804,-1952
113

2936,-12477,52
156,899,-2111
113

2809,-12488,23
216,980,-1969
114

2750,-12443,-26
-3,814,-1943
113

2612,-12416,-25
218,855,-2027
114

2545,-12381,-33
275,801,-1973
114

2504,-12466,-61
276,831,-2148
114

2473,-12664,-86
46,831,-1933
114

2461,-12896,-106
-263,870,-1901
115

2424,-12950,-144
-539,806,-1785
115

2336,-12658,-148
235,684,-1844
116

2277,-12568,-131
120,823,-1925
115

2264,-12667,-146
-211,830,-1964
116

2279,-12629,-196
-256,779,-1811
116

2238,-12470,-161
99,725,-1912
116

2180,-12418,-157
272,759,-1823
117

2188,-12351,-178
86,724,-1849
117

2158,-12329,-197
-134,775,-1731
116

2163,-12166,-176
174,728,-1742
117

2160,-11961,-141
136,761,-1879
117

2145,-11927,-136
-107,809,-1731
118

2199,-11834,-143
-21,618,-1794
118

2154,-11747,-124
80,709,-1727
118

2179,-11787,-124
191,733,-1708
118

2203,-11824,-133
61,750,-1823
118

2205,-11871,-160
-146,748,-1726
119

2265,-12059,-204
-162,639,-1711
118

2263,-12105,-197
114,740,-1690
120

2307,-12222,-205
13,680,-1819
119

2310,-12138,-192
81,666,-1750
119

2333,-12114,-209
95,708,-1820
120

2339,-12064,-243
293,667,-1796
120

2365,-12121,-265
149,708,-1816
119

2351,-12146,-306
172,643,-1778
121

2343,-12176,-347
0,728,-1723
121

2331,-12148,-396
100,602,-1748
121

2289,-12102,-425
163,702,-1752
121

2245,-12108,-446
131,660,-1738
121

2213,-12171,-480
-134,719,-1770
121

2183,-12079,-488
-65,581,-1705
121

2122,-11944,-502
216,608,-1703
122

2078,-11911,-486
239,630,-1680
122

2074,-12006,-472
-93,708,-1622
122

2099,-11979,-487
30,591,-1738
122

2078,-11859,-446
107,666,-1798
122

2087,-11840,-453
32,550,-1792
122

2079,-11755,-446
248,623,-1752
122

2081,-11685,-450
183,583,-1800
123

2056,-11607,-444
80,600,-1802
124

2040,-11646,-450
-40,608,-1812
124

2044,-11614,-428
163,571,-1768
124

1962,-11470,-403
198,591,-1635
123

1933,-11502,-377
-24,636,-1641
124

1873,-11311,-355
-73,570,-1695
124

1850,-11081,-339
-118,560,-1790
124

1786,-10739,-337
136,462,-1874
123

1705,-10475,-324
353,477,-1849
125

1635,-10522,-316
40,597,-1817
124

1581,-10383,-267
52,508,-1761
125

1488,-10280,-259
-140,494,-1621
124

1440,-10199,-228
-65,495,-1655
126

1407,-10092,-174
160,474,-1818
126

1359,-9994,-128
195,370,-1680
126

1328,-9914,-93
163,516,-1817
125

1279,-9769,-72
101,425,-1851
126

1266,-9732,-81
94,490,-1905
126

1251,-9631,-38
69,404,-1827
127

1218,-9551,-33
4,470,-1747
126

1198,-9544,10
4,484,-1816
127

1101,-9421,58
88,496,-1754
128

1064,-9392,80
122,465,-1757
126

1035,-9411,107
34,407,-1824
127

950,-9412,147
-96,476,-1655
127

948,-9309,173
83,398,-1734
127

872,-9138,189
240,400,-1626
129

843,-9106,198
229,418,-1863
128

823,-9205,242
22,450,-1709
128

864,-9299,229
118,413,-1757
128

831,-9293,237
-33,444,-1587
128

806,-9367,225
-4,373,-1554
128

788,-9467,176
39,441,-1605
128

786,-9462,165
1,426,-1580
128

850,-9491,179
9,382,-1819
128

919,-9494,192
159,381,-1863
129

990,-9438,189
175,384,-1868
130

986,-9383,157
131,428,-1717
130

974,-9337,158
122,375,-1686
129

953,-9372,155
-59,440,-1604
130

949,-9410,149
13,323,-1495
129

900,-9333,153
-23,417,-1580
130

913,-9408,164
-23,328,-1554
130

913,-9329,175
136,336,-1589
131

911,-9312,171
104,339,-1542
130

929,-9333,168
25,334,-1595
130

911,-9247,180
104,351,-1637
130

938,-9306,193
58,374,-1690
131

941,-9116,202
80,278,-1667
130

950,-9025,212
53,327,-1707
131

951,-8911,236
57,294,-1661
131

959,-8771,258
104,301,-1727
131

959,-8696,277
41,284,-1653
131

947,-8574,352
224,276,-1542
131

911,-8482,388
313,312,-1489
131

856,-8348,423
70,298,-1522
132

807,-8121,490
116,264,-1525
132

838,-8047,495
86,243,-1643
132

877,-8035,480
58,258,-1641
132

931,-8120,457
-107,215,-1507
132

925,-8157,475
-41,275,-1507
132

962,-8149,489
73,199,-1457
132

921,-8022,524
23,272,-1579
132

935,-7925,551
-53,187,-1484
132

958,-7868,591
-15,212,-1542
133

963,-7685,618
18,203,-1604
133

980,-7621,661
148,169,-1601
132

1013,-7622,702
80,207,-1587
133

1017,-7591,744
119,197,-1515
134

1045,-7589,796
60,211,-1533
133

1049,-7564,838
60,241,-1497
133

1061,-7542,866
-12,252,-1456
134

1078,-7528,891
64,175,-1503
134

1086,-7466,909
76,173,-1461
133

1079,-7425,921
-37,179,-1461
134

1096,-7325,916
-102,200,-1560
134

1113,-7199,908
-119,145,-1498
135

1102,-7039,931
75,195,-1509
135

1000,-7139,987
-234,-205,-1522
134

2097,-3966,131
32767,-32768,4890
129

4153,-12173,-1214
-12616,14108,1313
127

-5210,-2863,3861
-353,20938,-16248
134

3245,-5993,-140
6277,-9164,943
135

4114,-6658,-203
394,5058,-1952
137

3438,-7315,45
-20,-856,-2255
137

4569,-6549,-343
-191,403,-2094
137

4736,-6352,-612
-453,13,-2758
137

5249,-5781,-962
-818,557,-2819
138

5834,-5365,-1352
-648,177,-2690
138

6308,-4897,-1814
-732,165,-2870
139

6849,-4483,-2364
-985,299,-3052
138

7485,-3877,-3044
-1659,1829,-3096
140

6073,-1595,-5009
-3937,23486,1275
140

4862,-1408,-145
30695,-32768,11718
138

-391,-3916,-4359
-3923,13547,-4964
141

640,-3337,-5518
-1542,-3594,-3271
140

2487,-2753,-6865
-2047,2152,-3400
142

2201,-2220,-7348
-2160,-241,-2872
140

3591,-1634,-8875
-2490,-798,-3328
141

3976,-1033,-9774
-2795,852,-3635
141

4779,-565,-11015
-2512,-183,-3506
140

5572,-194,-12302
-2970,418,-3446
142

6357,150,-13673
-2960,126,-3627
140

7163,561,-15067
-3404,513,-3773
141

8027,954,-16518
-3602,590,-3881
143

8918,1410,-18066
-3508,632,-3931
142

9785,1828,-19621
-3921,800,-3890
143

10585,2225,-21226
-4025,959,-3868
143

11373,2706,-22790
-4233,1146,-3869
143

12206,3254,-24325
-4455,1166,-3866
143

12877,3621,-25826
-4653,1328,-3866
143

13482,4084,-27390
-4751,1549,-3788
144

13928,4878,-28708
-4844,1753,-3388
144

14203,5834,-30033
-4956,1889,-3404
144

14117,6605,-31482
-4868,2020,-3691
144

14239,6820,-32659
-4912,2165,-3500
145

14052,6460,-32659
-4785,2594,-3362
145

14209,6096,-32659
-4696,2682,-3778
146

14345,6628,-32659
-3708,3028,-3861
144

14711,7403,-32659
-3439,3541,-3859
143

15007,8014,-32659
-2614,3542,-3383
143

15489,8706,-32659
-2233,3502,-3091
143

15863,9553,-32659
-1718,3330,-2724
142

16112,10782,-32659
-1541,3327,-2712
141

16504,11627,-32659
-1124,3164,-2643
140

16942,11969,-32659
-1233,3035,-2158
140

17312,11598,-32577
-877,2899,-2054
141

17489,11552,-31919
-562,2899,-1940
140

17737,11700,-31102
-249,2808,-1684
140

18005,11688,-30297
-350,2719,-1643
138

18388,10763,-29693
-101,2716,-1550
139

18587,10823,-29145
-178,2633,-1478
139

18877,11318,-28696
42,2676,-1429
139

19212,11983,-28361
52,2679,-1289
140

19645,12521,-28019
444,2710,-1218
139

20130,12879,-27559
454,2795,-1076
139

20707,13369,-27117
771,2726,-885
139

21297,13699,-26699
635,2751,-734
139

21850,13710,-26303
756,2871,-502
140

22342,13899,-25934
673,2809,-429
140

23126,13921,-25404
992,2881,35
140

23330,14714,-25024
1181,3031,122
140

24055,14632,-24280
1405,2860,181
141

24631,14461,-23316
939,2949,744
141

25051,14626,-22507
1196,2915,900
142

25522,13915,-21514
1027,2948,839
141

25951,13215,-20345
1565,3108,301
142

26484,11452,-19209
1831,3153,431
141

26733,9440,-18276
1613,3246,403
141

26991,7648,-17482
1224,3245,465
140

27038,6309,-16915
1164,3242,298
141

26977,5183,-16468
1302,3193,100
142

26754,4185,-16023
1372,3103,-22
141

26499,3178,-15593
1369,3051,-168
142

26148,2143,-15251
1270,2857,-172
142

25754,1127,-14933
1064,2724,-244
142

25300,227,-14681
953,2626,-378
142

24831,-587,-14504
933,2521,-548
142

24348,-1271,-14366
868,2393,-614
142

23854,-1816,-14262
827,2277,-695
142

23382,-2305,-14144
865,2171,-870
142

22974,-2712,-13994
831,2134,-1028
142

22522,-2981,-13928
725,2049,-1146
142

22068,-3037,-13893
620,1966,-1260
142

21691,-3031,-13888
520,1917,-1387
143

21361,-2945,-13912
481,1884,-1538
142

21081,-2758,-13932
412,1848,-1640
143

20889,-2823,-14006
269,1903,-1967
142

20830,-2685,-14139
117,1764,-2050
143

20786,-2378,-14322
65,1833,-2267
143

20824,-2174,-14573
-141,1705,-2325
144

20888,-1803,-14859
-336,1785,-2493
144

21024,-1446,-15201
-426,1794,-2635
144

21210,-1002,-15587
-560,1827,-2737
143

21470,-538,-15990
-648,1834,-2792
145

21714,-82,-16448
-773,1881,-2807
144

21969,384,-16921
-862,1956,-2967
144

22226,768,-17378
-972,2001,-3067
145

22526,1191,-17804
-1015,1976,-3132
144

22850,1524,-18157
-1059,2034,-3213
144

23223,1710,-18399
-988,2078,-3308
144

23635,1839,-18582
-964,2114,-3303
144

24029,2000,-18632
-945,2188,-3317
144

24451,2155,-18607
-1007,2274,-3333
145

24909,2283,-18496
-1049,2288,-3243
144

25377,2411,-18351
-1091,2271,-3166
144

25880,2315,-18313
-1098,2312,-3155
144

26337,2078,-18252
-1077,2385,-3013
144

26746,1647,-18198
-1090,2504,-2799
146

26949,1268,-18268
-1062,2539,-2498
144

26906,864,-18405
-1084,2640,-2218
144

26695,474,-18591
-998,2601,-1862
144

26370,111,-18805
-958,2582,-1783
142

26021,-216,-18989
-733,2561,-1676
143

25647,-479,-19135
-585,2566,-1671
143

25249,-477,-19255
-445,2506,-1616
143

24836,-381,-19378
-477,2444,-1570
143

24476,-219,-19484
-412,2400,-1526
143

24141,-12,-19620
-395,2363,-1458
143

23841,238,-19758
-372,2358,-1440
142

23612,427,-19866
-311,2352,-1386
143

23437,544,-19957
-242,2330,-1313
142

23317,452,-20032
-182,2320,-1274
142

23243,205,-20137
-222,2341,-1274
142

23118,-213,-20316
-230,2358,-1219
143

23010,-495,-20496
-138,2365,-1055
143

22832,-708,-20738
-24,2415,-945
142

22648,-977,-20930
-10,2455,-914
143

22455,-1274,-21123
68,2447,-809
143

22240,-1753,-21416
13,2469,-662
143

21940,-2134,-21746
-105,2439,-579
143

21615,-2476,-22058
187,2484,-535
143

21317,-3295,-22300
249,2576,-514
143

20961,-4025,-22572
289,2554,-686
143

20572,-4702,-22824
422,2598,-549
143

20042,-5470,-23162
562,2643,-495
144

19478,-5862,-23419
511,2641,-543
143

18941,-6525,-23661
515,2610,-550
143

18362,-7235,-23919
448,2617,-552
144

17758,-7984,-24143
541,2656,-620
143

17120,-8824,-24350
574,2659,-705
143

16420,-9577,-24549
618,2659,-819
143

15684,-10142,-24741
680,2637,-934
142

14867,-10701,-24921
719,2634,-979
143

14008,-11213,-25071
759,2564,-1076
143

13077,-11649,-25200
748,2551,-1134
143

12109,-12013,-25295
733,2483,-1090
144

11119,-12383,-25370
631,2418,-1070
143

10088,-12689,-25392
629,2357,-1071
142

9065,-12971,-25376
593,2323,-1054
143

8057,-13191,-25304
551,2230,-1100
143

7032,-13498,-25212
577,2191,-1130
142

6010,-13815,-25110
475,2144,-1125
143

4953,-14162,-25025
392,2121,-1129
142

3904,-14425,-24903
358,2071,-1093
143

2845,-14675,-24770
278,2028,-1112
142

1809,-15013,-24556
231,1995,-1082
143

778,-15433,-24366
115,1932,-1116
142

-292,-15814,-24158
77,1939,-1041
143

-1372,-16195,-23952
22,1960,-994
143

-2498,-16549,-23716
-92,1938,-948
142

-3638,-16861,-23461
-140,1923,-893
144

-4826,-17184,-23218
-240,1912,-856
143

-5973,-17504,-22941
-303,1917,-769
143

-7163,-17868,-22650
-374,1943,-816
144

-8352,-18198,-22309
-417,1963,-743
144

-9560,-18544,-21931
-425,1966,-699
144

-10726,-18894,-21496
-510,1984,-683
143

-11894,-19172,-21001
-516,1991,-646
144

-13061,-19423,-20375
-461,1990,-594
144

-14220,-19711,-19680
-376,2020,-544
144

-15332,-19947,-18930
-235,2039,-485
142

-16401,-20160,-18097
-142,2041,-351
144

-17454,-20422,-17120
-16,2055,-209
144

-18475,-20690,-15974
68,2060,-119
143

-19485,-21016,-14635
152,2036,-25
144

-20473,-21346,-13213
303,2047,9
144

-21358,-21703,-11661
467,2044,95
142

-22170,-22007,-10127
364,2024,-51
143

-22829,-22248,-8695
401,2037,-204
142

-23377,-22495,-7210
515,2040,-410
143

-23799,-22575,-5878
377,1975,-661
142

-24044,-22526,-4602
191,1929,-839
141

-24137,-22669,-3331
172,1871,-1014
141

-24070,-22908,-2069
142,1820,-1159
142

-23958,-23087,-802
69,1752,-1203
142

-23751,-23359,424
139,1713,-1308
141

-23447,-23627,1674
95,1599,-1385
142

-23136,-23817,2833
105,1535,-1422
142

-22869,-23733,3928
148,1518,-1486
142

-22615,-23327,5021
242,1475,-1638
141

-22330,-22887,6099
165,1435,-1656
140

-22095,-22278,7127
319,1486,-1702
141

-21866,-21676,8161
403,1422,-1695
141

-21664,-21056,9114
310,1443,-1755
140

-21366,-20844,10078
99,1410,-1837
141

-21141,-20483,10983
133,1446,-1875
140

-20854,-19900,11886
73,1374,-1980
140

-20548,-19442,12718
39,1402,-2096
140

-20275,-18942,13528
-30,1382,-2155
141

-19906,-18484,14285
29,1387,-2326
140

-19582,-17839,15089
-49,1355,-2552
140

-19102,-17414,15899
-155,1356,-2661
140

-18645,-16876,16598
-73,1389,-2795
140

-18222,-15931,17287
60,1415,-2953
141

-17782,-14868,17987
139,1398,-3093
140

-17245,-14067,18618
-135,1409,-3263
141

-16697,-13350,19102
-583,1295,-3225
142

-16095,-12978,19420
-569,1327,-3340
141

-15450,-12705,19697
-809,1289,-3417
141

-14719,-12633,20014
-1104,1188,-3214
141

-14062,-12872,20194
-1290,1163,-3070
142

-13361,-13212,20398
-1175,1242,-3124
141

-12724,-13570,20536
-1255,1224,-3110
142

-11964,-14073,20693
-1439,1188,-3056
142

-11087,-14798,20879
-1547,1190,-2916
142

-10151,-15730,21036
-1649,1210,-2794
142

-9064,-16625,21240
-1705,1084,-2543
141

-7958,-17400,21413
-1750,1061,-2541
141

-6719,-17994,21565
-1663,979,-2502
142

-5485,-18357,21654
-1542,874,-2313
140

-4222,-18482,21675
-1494,822,-2258
140

-2984,-18328,21572
-1491,757,-2146
141

-1722,-18227,21427
-1478,723,-2264
141

-436,-17828,21185
-1344,697,-2317
140

762,-17253,20815
-1308,612,-2303
141

1806,-16335,20338
-1328,566,-2269
141

2731,-15299,19735
-1304,540,-2273
140

3605,-14245,19039
-1328,503,-2215
140

4364,-13180,18283
-1307,457,-2103
140

5092,-12242,17486
-1297,443,-2076
140

5783,-11485,16702
-1275,338,-2065
140

6459,-10791,15844
-1240,335,-2026
140

7068,-10244,15006
-1295,385,-2065
139

7718,-9886,14119
-1229,305,-2114
140

8361,-9700,13298
-1142,368,-2227
140

9015,-9473,12479
-1034,330,-2240
139

9616,-9183,11688
-886,344,-2257
139

10231,-8877,10905
-822,380,-2315
139

10847,-8505,10158
-844,362,-2448
139

11489,-8183,9384
-885,397,-2581
139

12144,-7849,8630
-838,392,-2615
139

12817,-7515,7873
-799,424,-2727
139

13520,-7242,7110
-703,438,-2868
140

14227,-6874,6385
-623,466,-2990
139

14974,-6601,5648
-693,518,-3165
139

15723,-6228,4929
-711,531,-3342
140

16505,-5770,4207
-660,576,-3490
138

17311,-5372,3494
-619,637,-3708
139

18144,-4925,2770
-653,682,-3915
138

19000,-4418,2048
-745,716,-4153
139

19899,-3828,1346
-881,750,-4384
139

20793,-3178,663
-890,879,-4540
139

21753,-2548,-37
-879,918,-4835
138

22748,-1872,-630
-881,1032,-5079
138

23799,-1277,-1224
-943,1114,-5429
138

24894,-704,-1675
-1023,1254,-5679
138

26056,-195,-2043
-1085,1421,-5857
139

27212,200,-2276
-961,1605,-6062
139

28427,699,-2441
-871,1768,-6332
139

29665,1263,-2266
-910,1945,-6366
138

30898,1597,-2114
-915,2079,-6368
139

32117,1958,-1644
-1036,2194,-6327
137

32545,2196,-1068
-704,2342,-6381
138

32545,2239,-795
-1034,2688,-6048
138

32545,2292,-606
-1232,2979,-5663
138

32545,2267,-925
-1660,3036,-4881
137

32545,2209,-1502
-1770,3098,-4570
138

32545,2062,-2106
-1681,3093,-4118
138

32545,1896,-2684
-1487,3094,-3574
137

32545,1426,-3056
-1259,3054,-3244
135

32545,747,-3364
-1204,2934,-2887
134

32545,-126,-3686
-1270,2807,-2588
133

32545,-1197,-4121
-1245,2681,-2417
134

32545,-2306,-4516
-945,2595,-2225
132

32545,-3411,-4916
-899,2417,-1977
132

32545,-4337,-5359
-724,2274,-1697
131

32123,-4925,-5822
-687,2220,-1679
131

31472,-4338,-6370
-689,2137,-1561
130

30984,-3559,-6877
-736,1865,-1567
131

30729,-2939,-7348
-786,1919,-1435
131

30549,-2981,-7688
-722,1952,-1294
130

30417,-3528,-8164
-767,2082,-1090
131

30443,-3654,-8630
-411,1891,-643
131

30246,-3947,-9095
-322,1995,-516
130

30133,-4007,-9526
-184,1961,-221
130

30037,-4725,-9942
-211,1986,-11
131

29977,-5490,-10388
-339,1915,333
131

29877,-6162,-11132
-226,1903,693
132

29836,-7417,-11958
513,2167,1033
130

29551,-7504,-12327
452,2234,1564
132

29024,-7813,-13442
307,2239,1631
132

28612,-8750,-14248
196,2316,1905
130

27928,-9158,-15149
136,2385,2317
130

27147,-9473,-16014
574,2330,2308
131

26293,-10105,-16753
1445,2520,2381
130

25479,-11194,-17360
1119,2494,2388
130

24707,-12382,-17930
1455,2550,2014
129

24034,-14030,-18212
1526,2691,2203
129

23130,-15900,-18911
1836,2888,1692
129

22540,-18134,-19137
2191,2987,1515
128

21791,-20794,-19485
2358,3130,1281
129

20842,-23533,-19911
2750,3199,678
129

19656,-26175,-20247
3033,3130,224
129

18366,-28917,-20407
3205,3042,-113
129

16881,-30981,-20426
3474,2864,-537
130

15119,-32106,-20350
3645,2769,-795
129

13275,-32043,-20040
4028,2841,-676
128

11356,-30813,-19461
4325,2400,-386
128

9294,-29636,-18676
4398,2281,-615
128

7604,-28592,-17662
4723,2020,-960
128

6127,-27763,-16395
4655,1881,-1405
128

4899,-27265,-15097
4723,1708,-1737
127

3927,-26702,-13585
4608,1428,-2031
127

3342,-26415,-12081
4409,1109,-2530
127

3072,-26865,-10428
4368,1126,-3205
128

3024,-27427,-8694
4268,803,-3374
128

3339,-28065,-6998
4016,742,-3536
130

3684,-28609,-5362
3874,590,-3947
130

4146,-28858,-3819
3631,491,-4178
130

4678,-28873,-2411
3261,367,-4386
130

5295,-28538,-1159
2985,305,-4469
131

6078,-27811,-27
2761,425,-4801
132

6964,-26789,948
2522,264,-4925
131

8038,-25729,1723
2278,275,-5125
131

9277,-24544,2278
2034,265,-5372
130

10698,-23351,2624
1854,266,-5617
130

12213,-21981,2738
1563,267,-5977
131

13796,-20557,2627
1378,237,-6293
130

15435,-19120,2330
1007,414,-6626
129

17182,-17702,1791
672,398,-7005
130

18872,-15958,1099
423,484,-7293
130

20547,-14183,175
132,583,-7732
129

22271,-12353,-962
-143,751,-8202
130

23918,-10411,-2229
-419,966,-8408
130

25587,-8898,-3900
-687,1147,-8614
130

27262,-7402,-5615
-1026,1459,-8788
132

28867,-5732,-7133
-1311,1707,-8700
130

30465,-4722,-8639
-1500,1934,-8584
129

31792,-4122,-9979
-1991,2112,-8455
128

32545,-3343,-11373
-1817,2291,-8342
128

32545,-2956,-12544
-1861,2536,-8178
127

32545,-2609,-13435
-1981,2821,-7808
128

32545,-2525,-14259
-1891,3094,-7137
127

32545,-2509,-15000
-2127,3582,-6651
128

32545,-2706,-15925
-2453,3659,-5527
128

32545,-3048,-16714
-1700,3608,-5038
128

32545,-3617,-17280
-1772,3543,-4278
126

32545,-4378,-17977
-1899,3413,-3802
125

32545,-5267,-18718
-1915,3266,-3308
123

32532,-6162,-19499
-1365,3034,-2931
122

31282,-7114,-20105
-1349,2906,-2490
122

29972,-8262,-20731
-1150,2765,-2154
121

28700,-9484,-21296
-890,2562,-1907
121

27466,-10829,-21669
-818,2448,-1754
120

26075,-12083,-22351
-794,2323,-1537
121

24764,-12866,-23126
-545,2304,-1769
119

23437,-12888,-23836
-269,2174,-1526
120

22276,-13179,-24531
-190,2264,-1608
120

21066,-13310,-25335
-35,2341,-1396
119

19890,-12875,-26118
302,2293,-1119
119

18779,-12636,-26740
729,2329,-1145
119

17678,-11736,-27347
1135,2381,-747
119

16485,-10270,-27935
1515,2403,-633
119

15470,-9470,-28627
1623,2417,-443
118

14417,-8677,-29307
1910,2493,29
118

13344,-7810,-30015
2520,2790,-772
118

12490,-8082,-30696
3201,2833,168
118

11482,-7909,-31141
3524,2983,-137
118

10407,-7038,-31644
4333,3066,-196
117

9337,-5508,-31777
4452,3172,-247
117

8448,-4033,-31856
5039,2967,-506
117

7935,-2654,-31582
5072,3426,-797
118

7500,-338,-31368
5508,3376,346
118

7121,2007,-31070
5712,3131,1156
117

6675,3803,-30535
5276,3395,510
117

6905,5256,-29888
5560,3386,-23
116

7090,6996,-29212
5850,3318,-137
117

7484,8507,-28368
5530,3530,134
117

7551,10052,-27365
5618,3258,691
118

7514,12037,-26179
5563,3133,1247
117

7665,13874,-24746
5403,2787,961
117

8103,15574,-23102
5025,2468,1418
117

8482,17299,-21411
4997,2126,1648
116

8689,18801,-19552
4733,1987,1844
116

8598,20472,-17651
5081,1899,1415
117

8193,21672,-15845
4881,1609,1753
117

7784,22892,-13883
4619,1383,1829
117

7382,23984,-11873
4550,1159,1278
116

6809,24664,-9949
3886,867,1952
116

6184,25064,-7941
3884,806,1863
116

5458,24010,-6008
3483,767,2453
116

4556,22416,-4178
3298,675,2671
115

3350,20452,-2576
3417,492,2902
114

1867,18672,-1191
3452,596,3294
115

279,17144,119
3091,590,3411
115

-1388,15713,1287
2884,584,3526
115

-3181,14186,2267
2914,682,3670
116

-5019,12511,3087
2888,798,3916
116

-6873,10931,3739
2709,894,4073
116

-8757,9395,4375
2619,951,4285
116

-10664,7720,4856
2346,1040,4448
116

-12619,6019,5315
2149,1193,4639
116

-14608,4130,5626
2169,1230,5101
116

-16520,1908,5971
1926,1405,5484
116

-18553,-426,6277
1473,1518,5790
116

-20489,-2431,6484
1500,1755,6023
116

-22645,-4603,6485
1363,1922,6538
115

-24690,-6643,6358
1129,2273,6758
116

-26881,-8524,6066
1050,2670,6708
117

-29018,-10344,5580
940,2835,6792
117

-31279,-11903,5136
844,3131,7011
116

32546,-13700,4710
719,3377,6527
115

32546,-15092,4789
1599,3862,5746
114

32546,-17131,5528
2411,4023,4640
114

32546,-19081,7164
2893,4349,3798
113

32546,-21259,9189
1671,4346,2905
113

32546,-23274,10959
1467,4296,1615
110

32546,-25082,12813
1767,4138,419
111

32546,-26754,14871
2221,3810,-287
110

-31656,-28887,16853
1738,3440,-868
110

-29365,-30510,18891
1495,3033,-1184
111

-27252,-31092,20592
1189,2830,-1237
110

-25425,-30453,21867
1591,2553,-1779
110

-23369,-30186,23131
1357,2146,-1725
111

-21682,-28711,24286
1097,2143,-1089
110

-20750,-26475,24985
1104,2070,-1017
108

-19631,-25397,25810
597,1861,-1884
108

-18396,-24300,26551
459,1940,-1650
109

-17849,-21704,27269
314,1739,-1642
108

-17104,-21215,28042
-216,1620,-2045
107

-16083,-21666,28812
-820,1649,-2493
107

-15044,-21729,29553
-757,1532,-2793
107

-14248,-20633,30270
-1330,1400,-3029
108

-13448,-19790,31080
-1358,1699,-3231
108

-12620,-19374,31959
-1992,1519,-3060
108

-12231,-17757,32434
-2085,1605,-3723
109

-11250,-16058,-32660
-2592,1498,-3872
108

-10433,-15240,-32660
-2174,1313,-3764
108

-9690,-14199,-32660
-3692,1746,-4188
108

-8851,-12153,-32660
-4320,1410,-4686
110

-8876,-8837,-32660
-4249,1913,-4662
109

-8512,-5896,-32660
-4907,1928,-3989
111

-8565,-2400,-32660
-5661,1833,-4327
111

-8861,908,-32740
-5265,2298,-4623
113

-9181,4988,32057
-5639,1981,-4496
114

-10027,8604,31214
-5399,2336,-4767
115

-10859,12105,30154
-4850,2559,-5482
114

-12071,15874,28715
-4243,2490,-6010
113

-13314,18781,27190
-3726,2228,-6336
111

-14248,20697,25592
-3594,1968,-6674
111

-14907,21935,24001
-4015,1773,-6394
112

-14988,21756,22490
-4000,1583,-6366
110

-14666,20684,20994
-3480,1041,-6530
109

-14016,19368,19496
-3851,983,-6991
109

-13110,17730,17775
-3703,547,-7316
109

-11544,16320,16381
-3350,218,-7665
108

-9671,14820,15243
-2757,86,-8186
107

-7506,13885,14391
-2441,-133,-8356
107

-5276,13240,13747
-1667,-155,-8618
108

-3105,13250,13259
-1340,-158,-8708
108

-1033,13793,12847
-916,46,-8781
108

1041,14878,12563
-451,142,-8863
109

3070,16124,12485
-42,123,-8716
109

4877,17522,12529
425,492,-9003
108

6689,19317,12886
884,591,-8999
108

8369,21083,13052
1219,708,-8969
109

9665,22978,13235
1708,1050,-8915
109

10819,25843,14563
2217,1617,-8691
109

11991,28295,15465
2556,1911,-8429
111

12512,30314,16834
3316,1941,-8082
109

12916,32048,18322
4551,2383,-7403
110

12853,-32590,20424
4950,2595,-7448
108

12599,32639,23104
6133,2945,-6936
109

11480,30977,26350
6935,3258,-6660
108

9720,29395,29839
7450,3998,-6734
107

7767,27455,-32660
7393,4632,-5608
107

5793,26241,-32660
7755,4996,-5235
105

4158,24689,-32660
6350,5332,-5201
104

2683,23131,-32660
5448,5566,-4055
103

1101,21990,-32660
4512,5512,-3721
102

-719,21353,-32660
4008,5465,-2898
100

-2845,20991,-32660
3475,5149,-2432
96

-5170,20626,-32660
3114,4994,-1740
97

-7537,20521,-32660
2347,4622,-1400
96

-9828,20481,-32660
1622,4122,-1415
96

-11946,21286,-32660
1215,3721,-1334
96

-14120,21710,-32660
942,3504,-1184
96

-16464,23254,32497
1088,3365,-1506
97

-19020,24369,30731
765,2914,-1144
97

-21373,24542,29057
378,2762,-1573
96

-23399,24257,27357
265,2802,-1944
96

-25311,24244,25726
416,2770,-2180
97

-27469,24904,23984
-73,2867,-2239
96

-29371,23395,22386
-112,3028,-2926
96

-30902,21974,20658
-460,2781,-2924
97

-32375,20795,18837
-643,2457,-3583
95

32546,20451,16910
-366,2852,-4132
97

32546,20177,14939
-116,2535,-4958
95

32546,19786,13239
-1060,2589,-5306
96

32546,18451,11265
-1397,2680,-6398
98

32546,18643,9148
-446,3163,-7017
98

32546,17988,6947
-6,2458,-7012
98

32546,19194,4874
510,2672,-7879
99

32546,20192,2410
-407,3085,-8696
100

32546,22769,36
1529,2922,-8782
100

32546,25347,-2547
2089,3223,-8222
102

32546,28944,-4961
2903,3372,-7950
101

32546,-32708,-7625
3706,3555,-7615
104

32546,-32210,-10214
4932,3946,-7166
103

32546,-32210,-13134
5419,4354,-6927
104

32546,-32210,-16337
5579,4135,-6734
103

32546,-32210,-18992
5753,4049,-6675
102

-30502,-32210,-20871
6219,3351,-6009
99

-27330,-32210,-22020
7037,3230,-5058
97

-24261,-32210,-22477
7791,2888,-3550
95

-21595,-32210,-22373
8033,2658,-2213
92

-19327,-32210,-22033
7360,2347,-808
91

-17703,-32210,-21522
7030,2340,616
91

-16665,-32210,-20915
6498,1904,1296
91

-15787,-32210,-20482
5495,1778,1944
92

-14887,-32210,-20028
4619,1444,2529
93

-14202,-32210,-19988
3628,1513,3093
93

-13537,-32210,-19804
3076,1176,4463
95

-13381,-32210,-19944
2408,1389,5624
94

-13658,-32210,-20672
1009,1084,6100
95

-14019,-32210,-21754
49,1051,6064
95

-14418,-32210,-22829
-1189,971,5714
97

-14250,-32210,-24129
-2167,759,4857
97

-13813,-32210,-25588
-3145,513,3865
98

-12549,-32210,-27377
-5119,183,2360
99

-10152,-32210,-29278
-7141,30,1351
101

-6574,-32210,-31695
-8451,211,258
101

-2165,-32210,-32659
-9821,280,-624
101

3099,-32210,-32659
-9976,601,-936
101

8274,-32210,-32659
-9539,1063,-1608
101

13376,-32210,-32659
-9002,1906,-1729
100

17920,-32210,-32659
-8307,2527,-2312
98

21841,-32210,-32659
-7061,2737,-2353
98

25118,-32210,-32659
-5580,3108,-3987
97

28290,-32210,-29406
-3997,3352,-4708
95

31051,-32210,-24486
-2744,3490,-5146
93

32545,-32210,-18812
-2076,3362,-4975
91

32545,-32210,-12460
-1834,3569,-5106
89

32545,-32210,-5922
-1483,3321,-5477
89

32545,-32210,702
-1311,3632,-5193
89

32545,-32210,7334
-1743,3508,-4412
89

30720,-32210,13269
-1683,3678,-4355
88

27667,-32210,18244
-1510,3714,-3750
87

24258,-32210,23030
-1314,3763,-4150
86

20478,-32210,27374
-889,3884,-3936
86

16337,-32210,31220
-1810,3858,-3340
86

11869,-32210,-32660
-1906,3686,-3470
86

7490,-32210,-32660
-2402,4164,-3767
86

2823,-32210,-32660
-2112,3865,-3821
86

-1945,-32210,-32660
-3298,4204,-3986
86

-6717,-32210,-32660
-2876,4003,-4995
86

-10967,-32210,-32660
-3674,4128,-5037
87

-15354,-32210,-32660
-2310,4413,-6882
86

-19556,-32210,-32660
-2042,4995,-7807
86

-23101,-32210,-32660
-3341,5215,-8053
87

-27078,-32210,-32660
-2528,4813,-9166
89

-29593,-32210,32675
-3140,4761,-9281
92

-31944,-32210,29060
-3365,4518,-9450
94

32546,32553,25903
-3125,4789,-9498
95

32546,32504,22672
-2026,4805,-9423
94

32546,-32719,19510
-614,4763,-9320
94

32546,-32210,16481
594,4638,-9376
93

32546,-32210,13351
1719,4480,-8908
91

32546,-32210,10177
2860,4115,-7983
89

32546,-32210,7162
3737,3989,-6990
89

32546,-32210,4415
4516,3978,-6051
88

32546,-32210,1969
4528,3866,-5887
88

32546,-32210,-239
4561,3460,-6182
87

32546,-32210,-1950
5305,3309,-5629
86

32546,-32210,-3087
6354,3392,-4638
85

32546,-32210,-4070
6730,3358,-3569
83

32546,-32210,-4913
6760,3421,-2298
82

32546,-32210,-5542
6826,3192,-1235
80

32546,-32210,-6315
6159,3414,-260
80

32546,-32210,-7525
5786,3186,904
82

32546,-32210,-8988
4382,2891,2789
82

32546,-32210,-11126
3282,3143,4524
82

32546,-32210,-13810
1886,3145,5738
83

32546,-32210,-16950
1015,3733,6813
83

32546,32226,-20496
521,4108,7089
86

32546,30566,-24055
190,4480,6920
86

32546,29975,-27296
-573,4556,6336
87

32546,30230,-30740
-1151,4725,5676
84

32546,31293,-32659
-1602,4735,5012
86

32546,-32540,-32659
-1760,4849,4413
86

-31004,-32210,-32659
-1784,5040,3553
86

-27581,-32210,-32659
-2289,4870,1854
86

-23056,-32210,-32659
-2269,4520,946
85

-17807,-32210,-32659
-2150,4309,569
82

-12242,-32210,-32659
-2453,4082,-79
83

-6814,-32210,-32659
-2270,3824,205
82

-1608,-32210,-32659
-2020,3500,46
82

3229,-32210,-32659
-1715,3337,-668
81

7628,32099,-32659
-1539,3269,-485
80

11601,29441,-32659
-1023,3146,-382
79

15077,27637,-32659
-740,3012,-308
78

17884,26904,-32659
-969,3074,271
77

20282,26047,-32659
-1245,2881,1147
77

22430,25930,-32659
-819,2971,860
77

24519,24830,-31676
-606,3042,1466
77

26587,23958,-29942
-763,2998,1737
77

28275,22801,-28380
214,3366,2528
77

29565,22212,-26456
-812,3113,3363
78

30541,22219,-24940
-414,3347,3661
78

31457,21070,-23411
236,3465,3872
78

31952,20629,-21894
-475,3463,4669
78

32233,20137,-20759
-346,3752,4592
77

32389,19761,-19552
-460,3635,5214
77

32216,19476,-18255
-1205,3663,5111
77

32141,19506,-16178
-2133,3630,5254
76

31811,19413,-14608
-2016,3424,4817
76

31405,19630,-12741
-1752,3616,4874
77

30960,19849,-11049
-1815,3484,5033
77

30274,20016,-9722
-2545,3398,4535
78

29377,20394,-8662
-2391,3234,4407
79

28233,21436,-7827
-2584,2663,4201
79

26976,22654,-7149
-3156,2334,3631
79

25752,24014,-6371
-3321,1921,3238
79

24657,25354,-6081
-3539,1872,3008
80

23641,26684,-5923
-3915,1865,2620
80

22627,27535,-5748
-4320,1522,2354
80

21731,27254,-5853
-4861,1280,2151
79

20977,25389,-6069
-5799,979,1676
79

20370,22878,-6744
-6392,563,1977
79

20300,20131,-8017
-7067,618,1031
79

20543,17777,-9784
-7576,263,-42
80

20752,16166,-11603
-7941,484,-255
80

21109,14554,-13628
-8351,627,-315
79

21687,12914,-15850
-8745,685,-746
79

22169,11921,-18419
-8963,645,-1116
78

22181,12088,-20790
-9041,1104,-1313
79

21691,13017,-23045
-8969,1108,-1440
79

21024,14184,-25281
-8950,1318,-2049
78

20246,15121,-27394
-9088,1525,-1860
80

19328,15815,-29268
-8444,1616,-2554
80

18959,16851,-30934
-8092,1843,-3538
80

19088,18723,-32196
-7545,1766,-4006
78

19896,21802,-32659
-6883,2146,-4624
78

21319,25188,-32659
-5616,2551,-5146
77

23258,28449,-32324
-4444,3082,-5350
76

25257,31410,-30614
-3276,3177,-5115
76

27120,-32210,-28310
-2459,3137,-4959
74

28728,-32210,-25260
-1937,3215,-4995
73

30286,-32210,-21912
-2289,3024,-4537
71

31383,-32210,-18620
-2272,2744,-3471
69

32023,-32210,-15609
-1925,2728,-3391
69

32320,31628,-12620
-1635,2547,-2928
69

32427,29374,-9612
-1707,2420,-2296
67

32195,27164,-7095
-1373,2149,-2099
67

31899,25888,-4716
-1369,2137,-2041
67

31632,24629,-2604
-1562,1882,-1917
67

31309,24335,-780
-1157,1879,-1927
66

31268,24238,1167
-1235,1976,-1888
65

31276,23241,3142
-1615,1970,-1198
65

31645,20790,4708
-1584,1964,-683
66

31858,17873,6219
-1391,1934,-420
66

31885,17171,7504
-1243,2247,353
66

31749,15903,9221
-1248,1767,821
66

31642,15052,10453
-1365,1956,1107
67

31609,14198,11787
-2378,2084,703
68

31797,13469,12960
-2862,1740,927
69

32123,13627,13644
-2630,1675,1366
68

32131,12742,14756
-1589,2743,2782
68

32051,11791,15427
-3547,2356,2783
71

32235,9650,15739
-4006,2551,2881
70

32339,7728,15734
-4458,2582,2624
69

32545,6783,15293
-4376,3096,3708
70

32545,4601,14807
-4704,3109,2869
70

32545,3476,14268
-4010,3169,3955
71

32238,3740,13763
-3642,3432,3792
70

31373,4562,12997
-3669,3560,3682
71

30298,4851,12128
-3612,3088,3758
71

29183,4900,11332
-3287,2616,4062
72

28139,3211,10443
-3688,2398,3673
71

26865,2173,9419
-3979,1980,3447
71

25441,1611,8171
-3560,1580,3729
70

23919,953,6933
-3341,1314,3844
69

22229,-53,5637
-3793,1099,3900
70

20565,-1022,4344
-3678,705,3503
68

18955,-2530,2900
-3727,500,3258
68

17348,-4345,1280
-3467,356,3631
67

15819,-6573,-561
-3957,100,3393
67

14204,-8366,-2437
-4266,-85,3224
69

12415,-9591,-4205
-3827,-30,3178
69

10582,-10510,-6014
-3817,-58,3138
68

8738,-11436,-7721
-3596,17,3123
68

6812,-12460,-9350
-3676,92,3098
68

4807,-13350,-10901
-3818,225,2981
68

2795,-14168,-12313
-3820,243,3217
68

615,-15099,-13710
-3758,415,3213
68

-1655,-15956,-15009
-4085,577,3280
68

-3926,-17067,-16206
-4223,608,3465
68

-6328,-18327,-17162
-4108,673,3699
67

-8812,-19404,-17895
-4069,954,3943
68

-11567,-20279,-18292
-3784,1134,4402
68

-14366,-20954,-18344
-3505,1408,4883
67

-17437,-21344,-18066
-3082,1847,5416
68

-20558,-21394,-17143
-2085,2277,5779
67

-23755,-21369,-15341
-2504,2408,6344
68

-26812,-22065,-12752
-1374,2626,6896
68

-29816,-23826,-9727
-1007,3130,7378
68

-32411,-25381,-6103
-979,3411,7129
65

32546,-26104,-2836
-647,3600,7025
64

32546,-26171,-639
-1999,3790,6285
62

32546,-26022,1112
-496,4093,5645
62

32546,-25600,2847
-694,4342,3979
60

32546,-24636,4997
-856,3965,2631
58

32546,-24119,6544
-716,3740,1941
58

32546,-23371,8242
-594,3470,1487
57

32546,-22808,9873
-363,3037,905
58

32723,-23021,11245
-538,2632,413
57

-31326,-22705,12209
348,2392,171
56

-29755,-23173,13557
168,2128,-152
56

-28250,-23887,14720
114,1871,-146
56

-26572,-25504,16501
219,1573,-562
56

-25191,-25641,18204
96,1624,-878
56

-23950,-25712,19584
-171,1452,-683
55

-22836,-25749,21102
-149,1427,-802
55

-21864,-25364,22677
-177,1500,-1152
53

-20754,-24946,24166
-898,1422,-1212
53

-19808,-24108,25596
-920,1476,-1673
53

-18504,-24030,26826
-2161,1561,-1947
53

-17778,-22442,28256
-1735,1570,-2570
53

-16563,-22115,29652
-2082,1385,-2117
55

-15288,-22442,31315
-3334,1462,-2527
53

-13977,-23183,32383
-3707,1209,-2564
54

-12395,-24088,-32660
-3759,1100,-1994
55

-10926,-23604,-32660
-4630,1776,-2403
56

-8970,-22741,-32660
-5717,1081,-2267
55

-7193,-22382,-32660
-6254,1198,-2205
57

-5318,-20585,-32660
-6490,1137,-1444
59

-3393,-18382,-32660
-7364,1314,-2034
59

-2092,-16223,-32660
-6917,1216,-2177
58

-422,-15146,-32660
-7704,1207,-1250
58

1111,-13965,-32660
-8097,1257,-1670
59

2495,-13262,32204
-7391,1684,-1065
61

3853,-13043,31115
-7534,1774,-402
61

4993,-13226,29741
-7794,1784,-333
60

6223,-13472,28001
-7577,1368,-294
60

7233,-13588,26099
-7059,956,-41
59

8208,-13997,24085
-6807,808,167
58

8832,-14632,22009
-6495,485,969
58

9335,-15870,19908
-6591,368,1174
56

9927,-17738,17826
-6188,294,1995
56

10230,-19986,15570
-5934,-33,2225
56

10207,-22099,13486
-5432,-94,2330
56

10238,-24344,11288
-5019,-15,2822
56

9912,-27237,9218
-4204,-136,3620
56

9328,-30177,7430
-3800,-40,3364
56

8222,-32209,5986
-3162,-60,3556
55

6819,-32209,4651
-2738,-273,4286
55

4998,-32209,3547
-2308,-312,4783
55

2520,-32209,2851
-2020,-116,5327
56

14,-32209,2758
-1281,38,5782
54

-2635,-32209,3279
-605,288,6196
54

-5383,-32209,4168
168,494,6813
53

-7961,-32209,5553
1066,599,7288
52

-10589,-32209,7001
1556,1028,7575
52

-13217,-32209,8773
1586,1309,8234
52

-15674,-32209,10924
2409,1562,8126
51

-17579,-32209,13142
2562,2209,7583
49

-18812,-32209,15754
3376,2105,7277
48

-20018,-32209,17706
3649,2756,6281
49

-20806,-32209,20138
4860,2908,5365
48

-21025,-32209,23007
5533,3307,3651
47

-20063,-32209,26570
6506,3437,2136
47

-17482,-32209,30885
7343,3492,266
46

-13838,-32209,-32660
7348,3672,-845
45

-10153,-32209,-32660
6052,4072,265
46

-6457,-32209,-32660
5935,3976,-478
46

-2412,-32209,-32660
5014,3808,-1428
44

1461,-32209,-32660
4417,3736,-1562
43

5412,-32209,-32660
3634,3272,-2586
43

8888,-32209,-32660
2329,3042,-2725
43

12452,-32209,-32660
1708,2706,-2703
43

15560,-32209,-32660
1270,2130,-2329
43

18724,-32209,-32660
380,2068,-3053
41

20938,-32209,-32660
308,1880,-2929
41

23296,-32209,30800
851,1574,-2888
41

25287,-32209,28919
572,1701,-3009
41

27465,-32209,27517
-302,1625,-2493
42

29577,-32209,25648
-992,1728,-1898
43

31200,-32209,23234
-673,1526,-1678
42

32545,-32072,21084
-1414,1619,-1136
40

32545,-32209,18766
-1928,1571,-791
41

32545,-32209,15939
-1500,2154,440
43

32545,-32209,13096
-1059,1114,1921
43

32545,-32209,10749
-1243,1670,1519
41

32545,-32209,7925
-718,2112,1598
44

32545,-32209,4836
-165,2392,2716
44

32545,-32209,1416
477,2463,3657
43

32545,-32209,-1997
437,2911,4969
45

32545,-32209,-5129
906,2897,5778
43

32545,-32209,-8973
2271,3275,5922
41

32545,-32209,-12488
1713,3378,6174
41

32545,-32209,-16328
2165,3622,5442
41

31043,-32209,-19303
2601,4007,5286
40

27998,-32209,-21654
4275,4504,3672
39

25065,-32209,-23222
5047,4538,2856
39

22062,-32209,-24028
5716,4659,1144
39

18356,-32209,-24587
6084,4500,-35
40

14347,-32209,-24268
6684,4267,-450
40

9924,-32209,-23220
8066,3792,-671
39

5584,-32209,-21103
8567,3718,-395
38

2374,-32209,-18260
8844,3078,-798
36

10,-32209,-14806
9112,2407,-2068
36

-1550,-32209,-11206
9003,2133,-3526
36

-2206,-32209,-7360
8910,1450,-3815
37

-1873,-32209,-3515
8134,1191,-5911
39

-568,-32209,195
7203,605,-7002
41

1228,-32209,3361
6320,-21,-7143
42

3139,-32209,6141
5283,201,-7877
43

5531,-32209,8379
4237,-116,-8154
45

8094,-32209,10093
3721,-296,-8572
45

11122,-32209,10983
2727,-336,-9219
45

14279,-32209,10199
2033,-512,-10194
45

17249,-32209,8565
1156,-314,-10904
45

20101,-32209,6265
326,-10,-11206
46

22880,-32209,3366
-516,9,-11781
46

25200,-32209,-302
-1379,432,-11884
46

27103,-31951,-4126
-2102,466,-11494
45

28675,-30782,-7996
-3071,796,-11200
44

29444,-30916,-11734
-2710,1392,-10792
44

29877,-31081,-15484
-3508,1529,-10310
41

29712,-31821,-18863
-3697,1988,-9527
42

29160,-32209,-21900
-4680,2305,-8128
42

27983,-32209,-24532
-5224,2516,-6605
40

25605,-32209,-27344
-5237,3230,-5396
41

22173,-32209,-29848
-4401,3682,-4170
39

17965,-32209,-31469
-4442,3198,-3576
40

13768,-32209,-32204
-3578,3074,-3828
38

9680,-32209,-32554
-3417,2876,-3470
37

5939,-32209,-32166
-2827,2612,-2410
35

2400,-32209,-30957
-2541,2581,-1743
35

-767,-32209,-29406
-2090,2127,-2350
35

-3603,-32209,-27297
-1649,1877,-1340
34

-6114,-32209,-24911
-1216,1508,-1314
34

-8182,-32209,-22201
-1143,1314,-2107
33

-9981,-32209,-19425
-695,1276,-1929
33

-11566,-32209,-16690
-307,837,-1148
33

-13265,-32209,-13793
326,786,-1089
32

-14754,-32209,-10780
33,656,-1200
30

-16064,-32209,-7759
579,618,-1275
30

-17021,-32209,-4844
-385,456,-1553
30

-17827,-32209,-1782
355,423,-1867
29

-18296,-32209,1377
-106,440,-2047
30

-18595,-32209,4501
40,220,-2323
29

-18433,-32209,7355
-168,341,-2854
28

-18241,-32209,10301
-584,284,-3141
28

-17831,-32209,12912
-360,-188,-3139
29

-17321,-32209,15647
-1067,48,-3060
29

-16598,-32209,18276
-1459,136,-3432
30

-15726,-32209,20577
-1878,-40,-3093
30

-14406,-32209,22879
-1988,-337,-3726
30

-12675,-32209,25269
-3479,88,-3417
30

-10845,-32209,26891
-4284,-89,-3455
31

-8618,-32209,28855
-5197,-157,-2408
29

-6598,-32209,29989
-5130,-472,-2101
31

-4142,-32209,31074
-6014,-91,-958
32

-1401,-32209,30965
-6654,-648,-738
34

919,-32152,30808
-7071,-174,-653
33

4007,-30773,30349
-7206,185,-386
34

7375,-29618,29420
-7423,135,-875
34

10306,-28469,28024
-7993,75,-271
35

13115,-28512,26275
-7113,690,598
35

15057,-29247,24488
-6918,802,1636
35

16843,-30661,22523
-6586,875,2103
36

18480,-32209,20430
-5414,1215,2703
37

20080,-32209,18186
-4310,966,3089
36

21539,-32209,15808
-3355,1027,3796
35

22600,-32209,13306
-2205,1102,4354
34

23088,-32209,10964
-1395,1018,4390
33

22587,-32209,8494
-1640,990,4365
32

21236,-32209,6220
-1742,729,5194
32

19355,-32209,4327
-909,618,5922
31

17173,-32209,2794
-196,545,6365
30

14745,-32209,2084
1603,586,6566
28

12235,-32209,1753
2287,481,6631
26

9764,-32209,1944
3103,533,6167
25

7496,-32209,2563
2727,314,6243
24

5372,-32209,3733
3988,481,5275
25

3992,-32209,5170
5246,622,3930
24

3201,-32209,7632
6357,278,2722
25

2723,-32209,10173
7131,1021,1013
25

2703,-32209,13125
8972,1180,-812
25

3836,-32209,16396
10489,1115,-1690
24

6294,-32209,19592
11310,1361,-3172
23

9857,-32209,22469
11670,1558,-4119
22

14451,-32209,24661
11317,1792,-4732
23

19190,-32209,25731
10424,2515,-5144
23

23708,-32209,25993
9452,2895,-4842
25

28277,-32209,25353
8694,3233,-5765
27

32142,-32209,23971
7136,3495,-5940
27

32545,-32209,21769
5636,3679,-6812
28

32545,-32209,18597
4102,3942,-7148
30

32545,-32209,14191
2622,3973,-7122
32

32545,-32209,9225
2152,3874,-6615
31

32545,-32209,3865
2191,3854,-6515
28

32545,-32209,-846
1783,3814,-6418
26

32545,-32209,-5450
982,3396,-5763
24

32545,-32209,-9643
407,3316,-5197
22

32545,-32209,-13290
39,3085,-4658
22

32545,-32209,-16266
34,2863,-4001
23

31179,-32209,-18801
72,2620,-3628
21

27851,-32209,-20832
319,2277,-3388
19

24549,-32209,-22217
361,2091,-3238
19

21223,-32209,-23405
47,2037,-3161
18

17868,-32209,-24553
428,1849,-2873
19

14545,-32209,-25193
470,1849,-2782
18

11642,-32209,-25481
297,1589,-2737
19

8435,-32209,-26096
810,1679,-2729
18

5184,-32209,-26318
1013,1943,-2727
19

1962,-32209,-26079
1327,1857,-2772
17

-906,-32209,-25643
1203,1621,-2992
17

-3876,-32209,-25206
1442,1768,-3095
17

-7022,-32209,-24464
1076,1884,-3730
16

-9682,-32209,-23869
1797,1906,-3994
15

-12397,-32209,-22868
1214,2009,-4387
15

-14631,-32209,-21597
1447,1676,-4823
15

-17172,-32209,-19919
1364,2193,-5894
15

-19237,-32209,-18222
1771,1868,-6238
17

-20973,-32209,-16243
1082,1917,-7188
18

-22305,-32209,-14481
1235,1578,-7675
23

-23394,-31067,-12425
-193,1723,-8643
24

-24183,-28455,-10499
1620,1761,-8882
23

-25050,-25492,-8065
-101,1783,-9455
24

-25222,-22789,-6380
-198,1545,-9896
25

-25415,-19937,-4490
884,1853,-9600
25

-25366,-16914,-2798
755,1846,-9576
26

-24950,-14753,-1675
35,1777,-9632
24

-24352,-12933,-903
-825,1809,-9318
24

-23489,-11590,-354
-600,1762,-9279
23

-22484,-10105,52
-962,1675,-9281
23

-21247,-8953,249
-1167,1272,-8986
23

-19916,-7898,340
-1436,1100,-8811
21

-18541,-7160,171
-1330,712,-8718
20

-17094,-6314,6
-1215,503,-8470
19

-15463,-5718,-519
-1652,337,-8335
21

-13731,-5373,-1214
-1793,132,-8320
20

-12236,-5063,-2181
-1864,-38,-8251
18

-10507,-4749,-2822
-1823,18,-8200
19

-8858,-4464,-3742
-1742,-216,-8042
19

-7310,-4049,-4747
-1839,-77,-8072
19

-5602,-3786,-5644
-1797,-88,-7979
19

-3949,-3672,-6666
-2219,-125,-8061
18

-2150,-3787,-7854
-2224,-200,-8193
19

-546,-4178,-9125
-2414,-450,-8232
18

1147,-4769,-10331
-2659,-274,-8212
18

2916,-5364,-11380
-2893,-466,-8398
17

4885,-6134,-12521
-3120,-549,-8431
18

6660,-7087,-13751
-3485,-398,-8448
17

8546,-8477,-15132
-3224,-494,-8362
17

10348,-9485,-16386
-3443,-370,-8370
16

11942,-10430,-17322
-3697,-46,-8305
15

13776,-12047,-18362
-4683,-234,-7628
17

15280,-13429,-19158
-5156,56,-7068
18

16777,-14938,-19499
-5851,216,-6448
16

17489,-18406,-21697
-6199,465,-6517
17

18308,-21350,-23216
-5566,835,-6471
15

18647,-23971,-24745
-5330,1060,-6177
14

17995,-25727,-26396
-5709,1605,-4544
16

16470,-25988,-28147
-5457,1934,-4278
15

14556,-25128,-29640
-5345,2296,-3855
16

12471,-23634,-30590
-4086,2545,-3791
16

10891,-21884,-30981
-3414,2267,-4077
15

9332,-19800,-30998
-2817,2105,-3823
13

7822,-18192,-30652
-2737,2113,-3062
12

6373,-17304,-30064
-2811,1871,-2157
12

5131,-16832,-29439
-2379,1727,-2327
12

3606,-16604,-28732
-2375,1346,-1128
12

2649,-16432,-27743
-1689,1167,-1805
10

1673,-16545,-26701
-1412,1044,-1251
10

400,-16543,-25565
-1340,958,-1505
10

-511,-15686,-24652
-1049,525,-1556
8

-1249,-15495,-23849
-987,897,-1401
8

-2181,-15524,-23119
-675,488,-1093
7

-3221,-13696,-22578
-247,470,-766
6

-3695,-14028,-22055
-406,437,-1089
6

-4227,-15520,-21612
-202,335,-1155
6

-4957,-16009,-21205
203,533,-945
5

-5774,-16388,-20862
76,631,-1535
5

-6432,-17634,-20626
440,463,-1352
4

-7349,-17891,-20140
695,747,-1315
3

-8350,-17538,-19479
1122,616,-1449
4

-9407,-17300,-19105
1308,703,-1806
3

-10484,-17304,-18611
1485,975,-2104
4

-11528,-16813,-18308
1763,728,-2227
4

-12791,-15897,-17768
1889,956,-2268
4

-13851,-15307,-17580
1854,899,-2494
3

-15185,-14253,-17331
1909,1023,-3142
3

-16292,-12956,-17240
2194,1102,-3344
3

-17392,-11208,-17373
2547,1084,-3597
2

-18331,-8672,-17534
3056,1293,-3794
2

-18941,-7202,-17772
3137,1105,-4010
3

-19777,-4959,-17801
3946,1674,-3819
3

-20185,-3576,-18144
3848,1481,-4658
4

-20670,-2283,-18055
4008,2051,-4447
5

-20938,-432,-18263
5505,2476,-4136
6

-20762,91,-18585
4023,1870,-6713
9

-19975,-1575,-18815
3072,1907,-7096
11

-18709,-4092,-19179
3206,2246,-7380
11

-17926,-6508,-19033
3034,2105,-7252
12

-17116,-9233,-18840
4229,2504,-7287
12

-16516,-11495,-18378
3874,2384,-7090
14

-15975,-13377,-17893
3379,2938,-7716
13

-15420,-14837,-17157
3249,2658,-7442
14

-15240,-15883,-16109
3024,2754,-7920
15

-14805,-15890,-15074
2173,2360,-7553
14

-14365,-15421,-14104
2582,1876,-7778
12

-13766,-14478,-13161
2886,1726,-7307
10

-13122,-12630,-12306
3330,1571,-7361
9

-12316,-10721,-11466
3056,1377,-7326
8

-11329,-8869,-10684
3194,1002,-7110
7

-10361,-6341,-9821
3542,897,-7200
7

-9266,-3592,-8887
3749,808,-7403
6

-7990,-512,-8154
3841,486,-7315
6

-6670,2982,-7394
4193,447,-7338
5

-5068,6306,-6691
3684,177,-7634
6

-3376,9081,-5842
3907,94,-7470
5

-1629,12167,-4897
4500,-65,-7556
5

100,15569,-3561
5022,-48,-7276
5

1687,18857,-2235
4695,-39,-7086
5

3027,21803,-814
4630,5,-6730
6

4184,24161,819
4913,197,-6714
6

5133,25579,2845
5305,427,-6579
6

5855,26330,5262
5716,922,-6567
6

6365,26297,7926
6691,851,-5616
7

6269,25852,11089
7349,1424,-5431
6

5690,25082,14396
7711,1865,-5172
6

4482,24071,17784
7644,2267,-4958
6

2915,22910,21037
8020,2562,-5025
4

1107,21658,24232
8441,3155,-4708
5

-569,20200,26912
8253,3354,-4482
3

-2214,19370,29181
8279,3446,-4462
1

-3373,18641,30962
7810,3765,-4199
0

-4400,18104,32433
6908,4096,-4063
-1

-5328,17633,-32660
6550,4213,-2797
-1

-6685,16968,-32660
5857,4556,-2012
-2

-8143,16977,-32660
4835,4495,-2232
-3

-9928,17377,-32660
4342,4272,-1377
-4

-11695,17921,-32660
3654,4132,-1594
-5

-13530,18866,-32660
3175,3923,-1684
-6

-15423,19776,31841
2743,3558,-1282
-5

-17321,20871,30269
2099,3256,-1292
-6

-19263,22151,28450
1794,2986,-955
-6

-21405,23681,26380
1433,2733,-1168
-5

-23495,25456,24067
1395,2538,-728
-6

-25608,27621,21616
1434,2301,-278
-6

-28017,29998,18935
1433,2385,-564
-6

-30234,31412,16155
1189,2219,-1494
-6

-31337,30504,13334
816,1849,-1668
-6

-32551,30794,10631
1260,2081,-1686
-7

32546,30863,7988
1081,2068,-2147
-6

32546,30621,5131
1321,2050,-2242
-6

32546,30491,2302
1562,2155,-2414
-7

32546,31263,-586
1660,1930,-2884
-7

32546,31424,-3572
1516,1916,-2741
-8

32546,31531,-6773
1637,2090,-3567
-9

32546,32528,-10255
2757,2414,-3223
-9

32546,-32210,-13479
2755,2256,-3876
-9

32546,-32210,-16925
3449,2348,-4039
-9

32546,-32210,-20020
4777,2611,-2847
-9

-31631,-32210,-22896
5757,2756,-3003
-9

-29709,-32210,-25306
6930,2841,-1974
-10

-27371,-32210,-27304
7443,2955,-2746
-10

-24545,-32210,-28939
8223,2934,-1368
-10

-21212,-32210,-30093
8206,3193,-1109
-9

-17871,-32210,-30927
8227,2581,-452
-9

-13844,-32210,-31301
7173,2896,-776
-9

-10005,-32210,-31149
7069,2648,427
-10

-6262,-32210,-30387
6544,2556,461
-10

-3236,-32210,-29351
5666,2295,2753
-9

-490,-32210,-27878
4956,2082,2763
-8

2156,-32210,-25788
4119,2109,3036
-7

4829,-32210,-23141
4283,2075,3413
-7

6768,-32210,-20335
2859,1742,4246
-7

7841,-32210,-17749
1948,1443,5165
-8

8066,-32210,-15572
1192,1208,5546
-7

7790,-32210,-13830
36,888,5534
-6

7322,-32210,-12419
-968,660,4900
-6

6944,-32210,-11094
-1990,492,4394
-5

6395,-32210,-10299
-2778,12,3567
-6

5902,-32210,-9950
-3463,46,2553
-5

5582,-32210,-9437
-4049,-39,1812
-4

5694,-32210,-9229
-4943,-72,1330
-3

6293,-32210,-9128
-5980,-644,1052
-4

6881,-32210,-9311
-6793,-489,858
-4

8141,-32210,-9985
-7438,-992,-177
-4

9551,-32210,-10571
-7714,-789,-1236
-4

11122,-32210,-11164
-7612,-722,-2876
-7

12257,-32210,-11445
-7169,-827,-3390
-7

13400,-32210,-11186
-6332,-664,-4586
-6

14684,-32210,-10304
-5299,-392,-6028
-6

16346,-32210,-8603
-3434,-258,-7947
-6

18629,-32210,-5473
-1957,55,-9689
-7

21353,-32210,-1079
-2319,197,-11044
-7

23768,-32210,4067
-2493,1388,-11309
-7

24850,-32210,9279
-2587,1997,-10769
-6

24651,-32210,12792
-3360,2370,-10365
-5

23588,-32210,15800
-719,3194,-9861
-6

21416,-32210,20915
1755,4062,-8412
-5

18299,-32210,24938
1258,4883,-7478
-7

13757,-32210,28577
1905,4685,-6252
-7

8176,-32210,31757
2961,5100,-5237
-9

1759,-32210,-32660
3432,5424,-4608
-11

-4878,-32210,-32660
3095,5221,-4331
-12

-11479,-32210,-32660
2512,5328,-4312
-13

-17498,-32210,-32660
2530,5235,-4292
-15

-23125,-32210,-32660
2547,4996,-3688
-16

-28152,-32210,30471
1706,4717,-3799
-17

-32543,-32210,26727
1685,4501,-3391
-16

32546,-32210,22569
1881,4260,-3006
-18

32546,-32210,17935
1763,4348,-3317
-16

32546,-32210,12909
2298,4156,-3122
-17

32546,-32210,7623
2732,4230,-3252
-18

32546,-32210,1971
3136,4030,-3192
-19

32546,-32210,-3845
3718,4152,-3194
-19

32546,-32210,-9764
4619,4276,-3161
-20

32546,-32210,-15601
5562,4468,-3082
-20

32546,-32210,-21187
6017,3934,-2967
-20

32546,-32210,-26429
7148,3982,-2021
-20

32546,-32210,-31127
7319,3786,-807
-20

-32059,-32210,-32659
6677,3794,-23
-19

-26710,-32210,-32659
7109,3316,648
-20

-20244,-32210,-32659
6168,3306,1687
-19

-13411,-32210,-32659
5543,2938,1384
-17

-5864,-32210,-32659
3869,2601,2954
-18

1131,-32210,-32659
3690,2561,3599
-17

7060,-32210,-32659
2859,2493,3930
-18

11845,-32210,-28492
1834,2781,4274
-20

15250,-32210,-23672
-78,2640,4292
-16

17323,-32210,-18974
-1483,2380,4100
-16

18350,-32210,-14214
-2815,2039,3029
-13

18525,-32210,-9769
-3846,1477,1806
-12

18383,-32210,-5582
-4367,1124,423
-13

18105,-32210,-1569
-5762,1324,125
-13

17749,-32210,1888
-6644,1272,-63
-12

17051,-32210,4542
-7274,960,-1521
-13

16094,-32210,6690
-7162,679,-3003
-13

14755,-32210,8791
-6898,1374,-5196
-15

12497,-32210,10974
-4598,967,-6995
-17

10667,-32210,13577
-3280,1550,-8549
-14

9129,-32210,16600
-2767,1447,-10393
-15

8472,-32210,20059
-1712,1470,-12468
-14

7639,-32210,24296
-546,2737,-13201
-14

5266,-32210,28366
1043,3710,-12579
-15

1602,-32210,31836
2923,4286,-11622
-14

-3957,-32210,-32660
4676,6174,-9967
-15

-10698,-32210,-32660
5921,6605,-8367
-15

-19024,-32210,-32660
7247,7541,-7556
-16

-27433,-32210,-32660
7914,8668,-6645
-18

32546,-32210,-32660
7518,8873,-5713
-20

32546,-32210,-32660
7130,9295,-3701
-23

32546,-32210,29209
5725,9443,-2461
-22

32546,-32210,21771
4071,8969,-1900
-24

32546,-32210,12876
3130,8326,-1793
-23

32546,-32210,2707
2312,7835,-743
-22

32546,-32210,-7808
2283,7124,-1356
-22

32546,-32210,-17775
1543,6385,-1142
-23

32546,-32210,-26556
1563,5816,-453
-24

32546,-32210,-32659
2259,5307,-701
-23

32546,-32210,-32659
1549,4537,-419
-24

-32327,-32210,-32659
1685,4294,-58
-23

-24326,-32210,-32659
1986,3988,488
-24

-16463,-32210,-32659
1622,3532,1231
-24

-8572,-32210,-32659
1537,3384,1703
-24

-1104,-32210,-32659
1503,3321,2061
-25

6151,-32210,-32659
554,3053,2518
-24

12699,-32210,-32659
768,3118,2751
-24

18672,-32210,-32659
-769,3150,3366
-24

23544,-32210,-32187
-1182,3056,3652
-24

27165,-32210,-25378
-1266,3188,3528
-24

29401,-32210,-18549
-2109,2939,3541
-22

30126,-32210,-11642
-2413,3337,2666
-23

29743,-32210,-4974
-3504,3295,1982
-22

28595,-32210,1226
-3974,3240,1040
-20

26912,-32210,7098
-4487,3640,92
-21

25006,-32210,12415
-5360,3671,-402
-20

22189,-32210,16941
-6104,3704,-519
-18

19330,-32210,20304
-6649,3335,-1945
-20

16233,-32210,22825
-6700,3204,-2856
-21

12808,-32210,24811
-5277,3304,-4527
-23

9006,-32210,26382
-4511,3418,-5591
-23

5106,-32210,27895
-3151,3295,-6756
-24

1036,-32210,29317
-1648,3718,-8013
-24

-3038,-32210,30383
-1769,3747,-8604
-23

-6252,-32210,31580
-2246,3859,-9230
-23

-9231,-32210,31794
-1140,3869,-9948
-22

-12227,-32210,32135
59,4086,-10347
-23

-15341,-32210,31983
2033,4405,-9731
-24

-19044,-32210,30657
3444,4994,-8628
-24

-22783,-32210,30609
4870,4830,-7478
-24

-27168,-32210,30183
6729,5753,-5845
-24

-32184,-32210,29839
8206,6406,-5033
-28

32546,-32210,28646
8537,7360,-3840
-27

32546,-32210,26272
8221,7889,-3220
-28

32546,-32210,22460
7613,8106,-2350
-30

32546,-32210,17354
7015,8069,-1443
-29

32546,-32210,10912
5063,8294,569
-30

32546,-32210,3304
3965,7911,1146
-30

32546,-32210,-5034
3007,7862,1388
-29

32546,-32210,-12801
2610,7764,1407
-28

32546,-32210,-20314
1789,7044,1085
-31

32546,-32210,-27315
1272,6556,829
-31

32546,-32210,-32659
641,5978,369
-30

32546,-32210,-32659
-219,5291,112
-30

32546,-32210,-32659
105,4738,-266
-30

-27467,-32210,-32659
324,4198,-582
-32

-19522,-32210,-32659
356,3698,-526
-32

-11861,-32210,-32659
325,3473,-756
-33

-4011,-32210,-32659
66,3080,-407
-33

3798,-32210,-32659
-540,2793,-282
-33

10919,-32210,-32659
-405,2762,149
-33

17661,-32210,-32659
-1099,2855,222
-33

23468,-32210,-32659
-964,2916,854
-32

28228,-32210,-27367
-828,3241,915
-32

31590,-32210,-20191
-2061,3273,782
-31

32545,-32210,-12811
-2103,3242,1110
-31

32545,-32210,-5218
-3041,3618,598
-31

32545,-32210,2417
-4000,3873,-815
-30

32154,-32210,10165
-5763,4340,-1225
-29

29570,-32210,17214
-6107,4382,-1784
-28

25592,-32210,23224
-6987,4659,-2355
-28

20683,-32210,27968
-7027,4665,-2215
-28

15378,-32210,31733
-6670,5271,-3361
-27

9508,-32210,-32660
-6663,5091,-4427
-28

3640,-32210,-32660
-5458,5521,-6006
-28

-2577,-32210,-32660
-4000,5464,-7174
-28

-8816,-32210,-32660
-2273,5401,-8465
-31

-14629,-32210,-32660
-1693,5279,-9041
-31

-19086,-32210,-32660
-2614,4888,-9751
-31

-22936,-32210,-32660
-1215,5031,-10132
-31

-26369,-32210,31139
485,4936,-10196
-31

-29785,-32210,28852
2535,5098,-9553
-32

32546,-32210,25471
3693,5374,-8386
-31

32546,-32210,22711
5247,5312,-7119
-33

32546,-32210,19901
6528,5433,-5948
-34

32546,-32210,17515
7937,6129,-4950
-36

32546,-32210,14643
8246,6325,-4013
-37

32546,-32210,11121
7773,6391,-2782
-38

32546,-32210,6778
7184,6538,-1105
-39

32546,-32210,1808
5506,6146,521
-38

32546,-32210,-4216
3605,6059,2600
-37

32546,-32210,-11032
2769,5981,4554
-37

32546,-32210,-18721
1751,6276,5584
-37

32546,-32210,-26531
1430,6273,5297
-35

32546,-32210,-32659
620,6434,4764
-35

32546,-32210,-32659
301,6435,3921
-34

32546,-32210,-32659
-172,6295,2827
-34

-31872,-32210,-32659
-1713,5547,645
-37

-23905,-32210,-32659
-1450,4955,-95
-37

-15280,-32210,-32659
-1488,4615,-704
-37

-6343,-32210,-32659
-1547,4369,-939
-36

2224,-32210,-32659
-1823,3981,-1432
-38

10323,-32210,-32659
-2180,3751,-1243
-37

17537,-32210,-32659
-2283,3636,-1371
-39

23893,-32210,-32659
-1758,3666,-1242
-40

28936,-32210,-32659
-1497,3758,-1050
-40

32545,-32210,-26697
-2101,3747,-1183
-40

32545,-32210,-20351
-1914,3952,-652
-42

32545,-32210,-13646
-1935,4207,-159
-41

32545,-32210,-6630
-3099,4135,-770
-40

32545,-32210,-178
-3434,3831,-766
-40

32545,-32210,6157
-4593,4462,-1472
-38

32545,-32210,12262
-5430,4407,-1595
-39

32545,-32210,17330
-6262,4482,-2173
-38

32545,-32210,21972
-6698,4821,-1987
-36

29733,-32210,26061
-7282,4733,-1528
-37

26341,-32210,29141
-7559,4535,-1927
-37

22628,-32210,31540
-7409,4962,-1657
-37

18870,-32210,-32660
-7496,4838,-2503
-36

15008,-32210,-32660
-7045,4593,-3360
-36

11599,-32210,-32660
-6595,4618,-3712
-35

8085,-32210,-32660
-5817,4604,-4746
-36

4529,-32210,-32660
-4755,4484,-6290
-37

816,-32210,-32660
-3514,4382,-6768
-38

-2592,-32210,-32660
-2672,4288,-7380
-39

-5647,-32210,-32660
-2651,4019,-7702
-39

-7750,-32210,-32660
-3023,3930,-8252
-40

-9417,-32210,-32660
-2290,3851,-8725
-40

-11005,-32210,-32660
-1052,3949,-9460
-40

-12178,-32210,-32660
127,3803,-9393
-40

-13691,-32210,-32660
1470,4059,-9083
-41

-15430,-32210,31992
2660,4461,-8410
-40

-17785,-32210,32312
4392,4340,-7257
-40

-20479,-32210,32384
5927,5461,-5563
-39

-23805,-32210,-32660
7064,5798,-5173
-41

-27832,-32210,-32660
8290,6829,-4517
-42

-32093,-32210,-32660
8767,7394,-3348
-42

32546,-32210,-32660
8762,8187,-3193
-44

32546,-32210,32157
8402,8308,-2504
-46

32546,-32210,29721
7643,8615,-1331
-47

32546,-32210,25977
6407,8967,162
-47

32546,-32210,20852
4838,9162,698
-45

32546,-32210,14623
3733,9234,154
-45

32546,-32210,7196
2270,8579,482
-46

32546,-32210,-356
1915,8044,-70
-45

32546,-32210,-7557
1794,7624,-603
-48

32546,-32210,-14147
1707,7175,-646
-47

32546,-32210,-20083
1006,6387,-844
-48

32546,-32210,-25760
632,5885,-806
-47

32546,-32210,-30630
881,5593,-628
-48

32546,-32210,-32659
835,5387,-975
-48

32546,-32210,-32659
1584,5325,-865
-48

-32322,-32210,-32659
1687,5095,-510
-49

-27522,-32210,-32659
1509,4976,-57
-49

-22513,-32210,-32659
2464,5122,-513
-49

-17294,-32210,-32659
2573,5232,241
-48

-12499,-32210,-32659
2935,5273,640
-49

-7715,-32210,-32659
3425,5383,1321
-50

-3064,-32210,-32659
3002,5559,2434
-50

1031,-32210,-32659
2781,5584,2876
-49

5392,32591,-32659
2666,5548,3026
-49

9381,30339,-32659
2861,5619,3622
-49

13049,26936,-32659
3156,5896,3780
-50

16172,22649,-32659
2725,6138,4311
-50

18387,18728,-32659
3154,6298,3625
-52

19893,15735,-32659
3065,6252,3378
-50

20631,13303,-32659
2490,6257,3999
-50

20839,10813,-32659
2766,5908,3951
-50

20578,7992,-32659
2089,5404,4211
-51

19734,5740,-32659
1721,4927,4498
-51

18482,3805,-32659
1777,4715,4444
-52

17093,2246,-32659
1383,4559,4190
-51

15527,501,-32213
1124,4190,4079
-52

13765,-893,-31557
816,3916,4176
-51

11850,-1855,-31025
352,3577,4017
-50

9717,-2470,-30731
135,3424,4044
-50

7518,-2644,-30760
-63,3263,4007
-50

5187,-2799,-30598
-153,3120,4016
-49

2761,-3183,-30705
-863,2955,4251
-48

379,-3870,-30921
-1860,2875,4349
-49

-2022,-4476,-31203
-2461,2800,4278
-48

-4415,-5240,-31545
-2597,2885,4079
-48

-6821,-6360,-32115
-3063,3033,4077
-47

-9191,-7143,-32638
-3616,3070,4291
-46

-11561,-7585,-32659
-3395,3255,4238
-46

-13875,-7927,-32659
-3361,3446,4251
-47

-16074,-8210,-32659
-3391,3545,4145
-47

-18085,-9096,-32659
-3688,3666,4433
-47

-19904,-10565,-32659
-3465,3597,4675
-46

-21598,-12577,-32659
-3323,3876,4936
-47

-23357,-14854,-32659
-3097,4266,4753
-49

-25356,-16599,-32659
-2858,4513,4688
-49

-27546,-17510,-31888
-2727,4849,4179
-50

-29493,-17222,-30666
-2534,5110,3161
-49

-30594,-16875,-29692
-2143,5029,1888
-52

-31357,-15397,-28641
-1565,4845,1198
-53

-31707,-13804,-27865
-1571,4615,905
-53

-31842,-12193,-27162
-532,4362,731
-55

-31728,-10799,-26417
-713,4080,339
-56

-31439,-9102,-26182
-1157,3839,-32
-56

-31103,-7813,-26013
-49,3771,-225
-57

-30598,-6928,-25829
5,3580,-507
-57

-30051,-6730,-26036
-338,3464,-675
-57

-29666,-5849,-26064
631,3363,-942
-58

-29142,-6379,-26007
1196,3605,-1022
-58

-29082,-5977,-26492
802,3517,-1242
-59

-28826,-6020,-26620
1306,3561,-1441
-60

-28814,-6144,-27012
1983,3730,-1694
-61

-28937,-6589,-27138
2881,3998,-2112
-61

-29001,-7023,-27129
3104,4146,-2580
-60

-29153,-7204,-27220
3618,4164,-2684
-61

-29529,-6514,-27021
4784,4408,-2179
-61

-30182,-4981,-26771
4920,4945,-2691
-62

-30576,-3652,-26373
5924,5004,-2857
-62

-30463,-2434,-26127
6589,4579,-2726
-62

-29895,-2362,-25693
6635,4879,-3541
-59

-29175,-3088,-25144
7334,4579,-3080
-59

-28288,-4285,-24486
6236,4606,-4749
-58

-26974,-6325,-23797
5751,4313,-5223
-58

-25934,-8388,-23024
5429,4452,-5792
-56

-25053,-10518,-22113
4927,4527,-6333
-55

-24327,-12855,-20882
5009,4605,-5972
-55

-23542,-15132,-19349
4762,4088,-6380
-54

-22689,-16536,-17836
4300,3703,-6141
-55

-21719,-17938,-16206
3986,3304,-6153
-55

-20571,-19165,-14617
3806,2946,-6035
-55

-19258,-20420,-12934
3616,2404,-6250
-55

-18079,-21511,-11146
3319,2187,-6274
-57

-17000,-22611,-9092
3329,1875,-6070
-56

-15818,-23682,-6963
3162,1734,-6055
-57

-14399,-24734,-4838
2862,1187,-6247
-56

-12992,-25769,-2748
2855,895,-5951
-57

-11380,-26149,-735
2547,756,-5876
-58

-9709,-25724,1166
2644,583,-5999
-57

-7965,-24987,3039
3014,421,-6019
-57

-6035,-23997,4854
2910,350,-6011
-58

-4089,-23067,6503
2944,363,-5878
-58

-2042,-22023,8013
2791,359,-5915
-58

37,-20934,9267
2751,418,-5902
-58

2259,-19962,10341
2759,464,-5950
-57

4507,-18942,11238
2350,445,-6089
-58

6775,-17804,11953
2311,523,-6479
-57

9164,-16466,12526
2526,564,-6604
-58

11597,-15100,12947
2337,750,-7062
-58

14207,-13506,13229
2540,931,-7474
-57

16848,-12025,13388
2579,1102,-8029
-57

19596,-10182,13403
2218,1326,-8555
-58

22253,-7920,13196
1955,1484,-8882
-57

24945,-5270,12940
1902,1848,-9460
-56

27417,-2269,12451
1571,2144,-9834
-56

29781,1118,11501
1194,2299,-10732
-56

32545,-32210,-32660
32767,32767,-32768
-72

32545,-32210,-32660
14638,32767,-32768
-81

32545,25820,21336
9930,6230,-32768
-69

16203,12514,4494
886,-20326,7591
-67

5751,3039,1148
415,9798,4625
-65

2055,1955,685
-308,4643,2730
-68

-157,476,95
-1849,2423,595
-68

-928,-2935,-518
-159,-201,-3218
-67

-1576,-1899,-433
2941,-1456,-4249
-67

-1580,-1068,-284
2862,-1864,-5627
-67

-968,-200,-95
3070,-1807,-6790
-67

-194,608,-43
2515,-983,-5440
-67

-71,293,-22
2310,-1242,-4696
-66

-50,251,-26
2289,-1248,-4689
-67

-65,270,-16
2292,-1245,-4733
-67

-58,273,-26
2290,-1265,-4729
-67

-58,262,-32
2282,-1272,-4733
-67

-56,265,-19
2297,-1259,-4713
-67

-53,272,-26
2292,-1234,-4769
-68

-47,271,-31
2303,-1264,-4725
-67

-56,270,-22
2298,-1232,-4732
-67

-45,269,-25
2290,-1284,-4727
-67

-50,263,-22
2294,-1260,-4742
-67

-54,270,-21
2280,-1247,-4776
-67

-49,272,-19
2311,-1266,-4739
-66

-54,262,-23
2303,-1272,-4718
-67

-46,277,-14
2287,-1252,-4728
-66

-49,269,-24
2296,-1255,-4739
-67

-59,268,-27
2300,-1266,-4703
-68

-58,273,-26
2296,-1255,-4744
-67

-58,257,-11
2311,-1266,-4731
-67

-60,270,-31
2279,-1246,-4767
-67

-56,277,-29
2295,-1256,-4747
-67

-55,285,-29
2262,-1273,-4748
-67

-69,280,-22
2303,-1265,-4736
-67

-87,284,-49
2302,-1236,-4704
-68

-52,288,-47
2286,-1251,-4748
-67

-68,268,-28
2301,-1269,-4732
-67

-51,273,-23
2270,-1288,-4753
-67

-52,268,-19
2287,-1273,-4725
-67

